-793.1079,-745.2176,-722.0312,-729.65924,-729.07855,-731.83264,-725.1693,-724.4925,-727.41504,-727.448,-727.9936,-731.1137,-726.6374,-722.68085,-727.9268,-730.4862,-731.85657,-728.513,-720.0074,-592.937,-427.86346,-347.62595,-298.43906,-261.86255,-249.16702,-252.46535,-262.98026,-260.64594,-258.98785,-262.47528,-267.5871,-263.0466,-262.85327,-280.5803,-287.6967,-317.20667,-350.63016,-386.32104,-445.207,-473.94315,-519.4193,-603.6135,-618.86633,-508.3868,-432.70053,-408.0701,-399.99124,-400.07547,-364.7994,-317.55518,-322.18118,-343.47275,-344.61618,-357.3263,-387.00983,-411.6978,-439.0255,-477.77258,-493.4465,-524.47437,-555.3514,-589.24646,-629.4699,-614.29333,-512.90753,-434.36157,-401.03238,-356.5157,-334.41058,-321.58524,-310.53796,-309.6778,-312.75162,-295.66943,-291.6431,-292.02435,-288.21143,-300.66275,-309.67258,-313.1046,-343.6928,-378.5951,-420.97885,-447.49234,-491.1898,-559.42883,-603.0446,-545.01117,-457.58167,-413.11798,-387.11136,-383.90045,-394.08713,-389.0947,-390.8266,-394.6747,-403.64584,-446.51407,-500.7069,-500.5915,-505.10794,-546.56464,-580.9155,-571.33716,-579.40875,-614.09393,-656.1062,-679.0944,-628.3153,-500.28326,-379.48825,-312.56488,-284.38126,-282.07886,-282.29565,-282.06744,-282.04102,-285.9338,-301.40158,-304.30646,-310.09277,-321.9592,-340.5353,-365.39758,-399.15244,-448.70483,-510.29337,-583.9138,-659.0032,-698.21936,-696.89655,-668.8693,-604.5103,-548.9964,-533.6458,-539.0877,-526.213,-527.9986,-540.1242,-520.9012,-506.3267,-520.88837,-581.5273,-626.9992,-633.3393,-638.47363,-650.7249,-654.9562,-638.6307,-638.93335,-639.0972,-647.27856,-661.58405,-642.90533,-538.3038,-450.94604,-390.95602,-352.39813,-329.11432,-321.67078,-313.44897,-304.68463,-302.63367,-312.55194,-324.34177,-332.58542,-349.6262,-383.33392,-431.14377,-490.27374,-558.2194,-586.98413,-614.4986,-632.5436,-651.9317,-668.14417,-637.79535,-572.73395,-531.9316,-526.50085,-524.0245,-521.3197,-529.8719,-501.89474,-493.53677,-498.7355,-520.3034,-526.48914,-544.8232,-579.86395,-598.68744,-605.84174,-611.2955,-640.7857,-673.2608,-691.1736,-645.7971,-535.15546,-442.98297,-360.86417,-325.83817,-317.7431,-321.1243,-324.77158,-321.10303,-317.23947,-320.00388,-342.54044,-381.92096,-396.44797,-407.61633,-429.94202,-469.2722,-526.3447,-587.1596,-626.15063,-662.53326,-699.6429,-692.57196,-646.7252,-587.0904,-495.82617,-429.60516,-402.9912,-394.22662,-385.4028,-282.33054,-251.58461,-294.00244,-410.96616,-432.406,-447.9706,-489.7668,-524.92053,-568.3801,-585.1429,-598.3589,-614.6876,-645.2035,-659.4904,-659.4898,-669.8708,-668.239,-636.54034,-605.1919,-594.39215,-611.68146,-648.1419,-672.57025,-680.75385,-692.74774,-705.3985,-703.5869,-700.5974,0.0,0.0,0.0,0.0,0.0,0.0,0.0,0.0,0.0,0.0,0.0,0.0,0.0,0.0,0.0,0.0,0.0,0.0,0.0,0.0,0.0,0.0,0.0,0.0,0.0,0.0,0.0,0.0,0.0,0.0,0.0,0.0,0.0,0.0,0.0,0.0,0.0,0.0,0.0,0.0,0.0,0.0,0.0,0.0,0.0,0.0,0.0,0.0,0.0,0.0,0.0,0.0,0.0,0.0,0.0,0.0,0.0,0.0,0.0,0.0,0.0,0.0,0.0,0.0,0.0,0.0,0.0,0.0,0.0,0.0,0.0,0.0,0.0,0.0,0.0,0.0,0.0,0.0,0.0,0.0,0.0,0.0,0.0,0.0,0.0,0.0,0.0,0.0,0.0,0.0,0.0,0.0,0.0,0.0,0.0,0.0,0.0,0.0,0.0,0.0,0.0,0.0,0.0,0.0,0.0,0.0,0.0,0.0,0.0,0.0,0.0,0.0,0.0,0.0,0.0,0.0,0.0,0.0,0.0,0.0,0.0,0.0,0.0,0.0,0.0,0.0,0.0,0.0,0.0,0.0,0.0,0.0,0.0,0.0,0.0,0.0,0.0,0.0,0.0,0.0,0.0,0.0,0.0,0.0,0.0,0.0,0.0,0.0,0.0,0.0,0.0,0.0,0.0,0.0,0.0,0.0,0.0,0.0,0.0,0.0,0.0,0.0,0.0,0.0,0.0,0.0,0.0,0.0,0.0,0.0,0.0,0.0,0.0,0.0,0.0,0.0,0.0,0.0,0.0,0.0,0.0,0.0,0.0,0.0,0.0,0.0,0.0,0.0,0.0,0.0,0.0,0.0,0.0,0.0,0.0,0.0,0.0,0.0,0.0,0.0,0.0,0.0,0.0,0.0,0.0,0.0,0.0,0.0,0.0,0.0,0.0,0.0,0.0,0.0,0.0,0.0,0.0,0.0,0.0,0.0,0.0,0.0,0.0,0.0,0.0,0.0,0.0,0.0,0.0,0.0,0.0,0.0,0.0,0.0,0.0,0.0,0.0,0.0,0.0,0.0,0.0,0.0,0.0,0.0,0.0,0.0,0.0,0.0,0.0,0.0,0.0,0.0,0.0,0.0,0.0,0.0,0.0,0.0,0.0,0.0,0.0,0.0,0.0,0.0,0.0,0.0,0.0,0.0,0.0,0.0,0.0,0.0,0.0,0.0,0.0,0.0,0.0,0.0,0.0,0.0,0.0,0.0,0.0,0.0,0.0,0.0,0.0,0.0,0.0,0.0,0.0,0.0,0.0,0.0,0.0,0.0,0.0,0.0,0.0,0.0,0.0,0.0,0.0,0.0,0.0,0.0,0.0,0.0,0.0,0.0,0.0,0.0,0.0,0.0,0.0,0.0,0.0,0.0,0.0,0.0,0.0,0.0,0.0,0.0,0.0,0.0,0.0,0.0,0.0,0.0,0.0,0.0,0.0,0.0,0.0,0.0,0.0,0.0,0.0,0.0,0.0,0.0,0.0,0.0,0.0,0.0
43.976803,55.359398,59.211403,61.439285,55.213097,50.751503,58.580585,60.20321,59.12171,60.497543,55.81556,56.8397,55.887035,55.731743,45.780663,48.799744,53.717594,52.933453,52.095795,-1.9448572,-7.7130594,-4.9712777,-1.4351792,-5.3809204,-9.181051,-19.517227,-29.588665,-23.582485,-16.149113,-15.493263,-9.926882,9.323999,19.520357,23.415493,17.881279,8.737831,10.313768,8.038492,-18.697193,-11.312817,-0.20825237,14.4487705,6.4672604,0.8346439,3.1141357,-3.4047236,-11.067231,-14.170898,31.822994,87.641266,95.0941,79.68579,76.09477,69.03115,57.711975,47.057884,45.29574,35.552353,52.8053,52.55163,60.281372,69.41051,71.55102,82.556656,41.10484,7.4899454,-2.1413927,22.019121,34.542305,27.856983,17.358547,6.1275063,-11.877042,-4.5429893,4.2832165,0.49135602,3.8862135,6.4423943,6.2012997,17.51237,18.820946,5.4038987,-7.941148,-2.764204,2.5922348,8.16431,39.037964,27.408207,32.99905,30.68137,29.99863,24.895702,15.244616,31.356342,55.21962,82.3983,98.51641,83.24344,44.070904,51.969376,60.6699,42.00064,36.79431,84.280685,113.40748,110.02858,78.83896,55.74547,46.04352,29.263226,34.279533,32.251873,35.94071,26.860672,13.997372,15.774742,26.560698,19.295137,7.779768,7.847832,15.843113,27.563652,26.756447,17.15989,8.808765,4.343276,12.957382,13.370614,19.375397,34.38614,53.531273,58.302444,51.112225,36.924538,22.645374,4.6293635,3.255799,1.4879208,8.073791,48.53058,76.63301,91.513535,97.18417,93.66694,98.605095,92.85425,84.26672,70.02025,65.92204,51.858967,56.121452,57.017223,54.25331,32.203228,10.205827,10.271367,14.188736,14.942574,14.309192,3.3549266,1.1410856,6.7970405,16.008009,16.800587,19.02829,27.409332,31.883095,33.214066,28.697233,20.97838,-6.011498,1.1705834,25.643742,48.84689,57.876602,53.245293,41.145515,25.321617,20.823309,10.933842,5.076478,16.770498,19.86441,79.805374,120.26947,126.41355,114.435326,120.80282,116.19469,98.37634,94.816055,95.66866,107.24852,96.41664,82.2106,64.41805,28.034283,-9.007387,-21.027098,-1.446096,1.145445,0.18705404,-10.361322,-22.529959,-15.990517,-0.8020993,2.419136,-7.9342546,-28.881996,-16.957521,-5.52013,8.176203,10.310878,-1.3591541,-19.773415,-16.71226,-1.7930784,26.69123,42.298046,41.0567,17.669954,29.835888,37.892,29.503284,26.790133,46.470917,118.29784,147.63696,138.7627,104.42626,103.152504,107.83885,97.56596,73.98895,35.189774,56.611,77.17874,80.06152,68.883705,68.46372,81.48143,80.348145,72.587204,66.12148,57.711872,48.828247,48.29058,45.610832,45.863163,47.107834,37.543285,29.871048,36.12082,36.68936,0.0,0.0,0.0,0.0,0.0,0.0,0.0,0.0,0.0,0.0,0.0,0.0,0.0,0.0,0.0,0.0,0.0,0.0,0.0,0.0,0.0,0.0,0.0,0.0,0.0,0.0,0.0,0.0,0.0,0.0,0.0,0.0,0.0,0.0,0.0,0.0,0.0,0.0,0.0,0.0,0.0,0.0,0.0,0.0,0.0,0.0,0.0,0.0,0.0,0.0,0.0,0.0,0.0,0.0,0.0,0.0,0.0,0.0,0.0,0.0,0.0,0.0,0.0,0.0,0.0,0.0,0.0,0.0,0.0,0.0,0.0,0.0,0.0,0.0,0.0,0.0,0.0,0.0,0.0,0.0,0.0,0.0,0.0,0.0,0.0,0.0,0.0,0.0,0.0,0.0,0.0,0.0,0.0,0.0,0.0,0.0,0.0,0.0,0.0,0.0,0.0,0.0,0.0,0.0,0.0,0.0,0.0,0.0,0.0,0.0,0.0,0.0,0.0,0.0,0.0,0.0,0.0,0.0,0.0,0.0,0.0,0.0,0.0,0.0,0.0,0.0,0.0,0.0,0.0,0.0,0.0,0.0,0.0,0.0,0.0,0.0,0.0,0.0,0.0,0.0,0.0,0.0,0.0,0.0,0.0,0.0,0.0,0.0,0.0,0.0,0.0,0.0,0.0,0.0,0.0,0.0,0.0,0.0,0.0,0.0,0.0,0.0,0.0,0.0,0.0,0.0,0.0,0.0,0.0,0.0,0.0,0.0,0.0,0.0,0.0,0.0,0.0,0.0,0.0,0.0,0.0,0.0,0.0,0.0,0.0,0.0,0.0,0.0,0.0,0.0,0.0,0.0,0.0,0.0,0.0,0.0,0.0,0.0,0.0,0.0,0.0,0.0,0.0,0.0,0.0,0.0,0.0,0.0,0.0,0.0,0.0,0.0,0.0,0.0,0.0,0.0,0.0,0.0,0.0,0.0,0.0,0.0,0.0,0.0,0.0,0.0,0.0,0.0,0.0,0.0,0.0,0.0,0.0,0.0,0.0,0.0,0.0,0.0,0.0,0.0,0.0,0.0,0.0,0.0,0.0,0.0,0.0,0.0,0.0,0.0,0.0,0.0,0.0,0.0,0.0,0.0,0.0,0.0,0.0,0.0,0.0,0.0,0.0,0.0,0.0,0.0,0.0,0.0,0.0,0.0,0.0,0.0,0.0,0.0,0.0,0.0,0.0,0.0,0.0,0.0,0.0,0.0,0.0,0.0,0.0,0.0,0.0,0.0,0.0,0.0,0.0,0.0,0.0,0.0,0.0,0.0,0.0,0.0,0.0,0.0,0.0,0.0,0.0,0.0,0.0,0.0,0.0,0.0,0.0,0.0,0.0,0.0,0.0,0.0,0.0,0.0,0.0,0.0,0.0,0.0,0.0,0.0,0.0,0.0,0.0,0.0,0.0,0.0,0.0,0.0,0.0,0.0,0.0,0.0,0.0,0.0,0.0,0.0,0.0,0.0,0.0,0.0,0.0,0.0,0.0,0.0
5.892474,-17.04987,-16.0712,-10.273077,-22.522343,-27.218224,-20.67882,-16.745106,-17.263725,-17.62938,-16.08548,-12.0695915,-21.851433,-32.088432,-35.5029,-26.222013,-23.578266,-23.847437,-26.559471,-59.544437,-69.37279,-74.331375,-84.758896,-100.715195,-109.28427,-117.61827,-131.41708,-131.24294,-117.574486,-116.65872,-110.626595,-94.500046,-85.2977,-83.142685,-89.13424,-92.179344,-74.1561,-51.28442,-40.36661,-32.811607,-37.211746,-28.971884,-30.427032,-53.82553,-65.608505,-84.894714,-101.73894,-90.83293,-52.632187,-28.968365,-20.17142,-24.180408,-40.72838,-51.512733,-57.710045,-75.12749,-79.455124,-94.77854,-92.224785,-91.740204,-76.23645,-67.4064,-65.084694,-67.40741,-100.30206,-114.63407,-109.08325,-90.869385,-82.14444,-90.26605,-104.80824,-105.55816,-111.6556,-113.57504,-108.79611,-117.000824,-118.93599,-110.319756,-108.39119,-99.030075,-95.47414,-85.109436,-76.52629,-65.88067,-62.049194,-67.48642,-61.01579,-87.99301,-87.851364,-82.71083,-74.14032,-71.73332,-74.6476,-53.199913,-18.676525,9.961573,15.845997,8.762926,-4.8861427,-26.849098,-35.20446,-47.510254,-59.693684,-39.723648,-18.893026,-12.982445,-21.824635,-31.262072,-40.039803,-53.596893,-86.04094,-113.70686,-120.944244,-123.81492,-125.85185,-121.14738,-112.35924,-116.96171,-116.404785,-108.5341,-91.8219,-80.101204,-81.87314,-85.00025,-78.03429,-62.467754,-46.468513,-41.631866,-36.71779,-25.89981,-22.116383,-31.10173,-51.195816,-70.36953,-81.14281,-88.792114,-88.853325,-81.75189,-68.25325,-32.851196,-13.298861,-6.245712,1.8530874,10.122337,16.724289,1.6539302,-10.1558895,-33.58287,-70.47656,-93.94472,-90.252426,-79.77489,-64.21962,-73.40567,-96.46066,-104.56476,-108.11978,-117.011734,-128.57343,-124.157684,-113.424774,-107.658295,-99.96304,-96.54474,-88.722855,-72.8917,-64.8994,-48.462883,-29.382961,-13.800028,-6.241311,-12.349522,-7.5769286,-11.064757,-21.482498,-35.64142,-36.476906,-46.207153,-57.386154,-61.914703,-61.97688,-60.09842,-60.28742,-7.7293086,28.789276,34.51436,24.424225,29.993738,26.162172,2.7490082,-1.9794619,-9.019024,7.965267,14.107775,2.6357827,-17.247782,-38.88443,-57.585426,-85.97684,-92.46275,-100.08624,-103.42979,-102.46524,-107.94963,-115.39693,-112.07614,-105.65851,-105.8598,-108.64899,-93.73816,-94.30415,-90.094955,-79.97858,-70.944664,-57.86512,-51.681366,-41.899605,-29.000237,-32.951897,-58.361824,-72.58121,-67.69322,-61.851597,-67.526794,-61.119232,-47.80668,-96.53171,-104.966194,-81.58625,1.1400268,-1.4500358,-9.913206,-23.45357,-49.334183,-80.05588,-58.486794,-41.626465,-35.83033,-35.306984,-29.608528,-17.747507,-13.256323,-38.500687,-79.731026,-115.56932,-134.01535,-120.00838,-93.101166,-72.858,-57.293625,-53.720497,-54.14234,-53.546894,-53.644165,0.0,0.0,0.0,0.0,0.0,0.0,0.0,0.0,0.0,0.0,0.0,0.0,0.0,0.0,0.0,0.0,0.0,0.0,0.0,0.0,0.0,0.0,0.0,0.0,0.0,0.0,0.0,0.0,0.0,0.0,0.0,0.0,0.0,0.0,0.0,0.0,0.0,0.0,0.0,0.0,0.0,0.0,0.0,0.0,0.0,0.0,0.0,0.0,0.0,0.0,0.0,0.0,0.0,0.0,0.0,0.0,0.0,0.0,0.0,0.0,0.0,0.0,0.0,0.0,0.0,0.0,0.0,0.0,0.0,0.0,0.0,0.0,0.0,0.0,0.0,0.0,0.0,0.0,0.0,0.0,0.0,0.0,0.0,0.0,0.0,0.0,0.0,0.0,0.0,0.0,0.0,0.0,0.0,0.0,0.0,0.0,0.0,0.0,0.0,0.0,0.0,0.0,0.0,0.0,0.0,0.0,0.0,0.0,0.0,0.0,0.0,0.0,0.0,0.0,0.0,0.0,0.0,0.0,0.0,0.0,0.0,0.0,0.0,0.0,0.0,0.0,0.0,0.0,0.0,0.0,0.0,0.0,0.0,0.0,0.0,0.0,0.0,0.0,0.0,0.0,0.0,0.0,0.0,0.0,0.0,0.0,0.0,0.0,0.0,0.0,0.0,0.0,0.0,0.0,0.0,0.0,0.0,0.0,0.0,0.0,0.0,0.0,0.0,0.0,0.0,0.0,0.0,0.0,0.0,0.0,0.0,0.0,0.0,0.0,0.0,0.0,0.0,0.0,0.0,0.0,0.0,0.0,0.0,0.0,0.0,0.0,0.0,0.0,0.0,0.0,0.0,0.0,0.0,0.0,0.0,0.0,0.0,0.0,0.0,0.0,0.0,0.0,0.0,0.0,0.0,0.0,0.0,0.0,0.0,0.0,0.0,0.0,0.0,0.0,0.0,0.0,0.0,0.0,0.0,0.0,0.0,0.0,0.0,0.0,0.0,0.0,0.0,0.0,0.0,0.0,0.0,0.0,0.0,0.0,0.0,0.0,0.0,0.0,0.0,0.0,0.0,0.0,0.0,0.0,0.0,0.0,0.0,0.0,0.0,0.0,0.0,0.0,0.0,0.0,0.0,0.0,0.0,0.0,0.0,0.0,0.0,0.0,0.0,0.0,0.0,0.0,0.0,0.0,0.0,0.0,0.0,0.0,0.0,0.0,0.0,0.0,0.0,0.0,0.0,0.0,0.0,0.0,0.0,0.0,0.0,0.0,0.0,0.0,0.0,0.0,0.0,0.0,0.0,0.0,0.0,0.0,0.0,0.0,0.0,0.0,0.0,0.0,0.0,0.0,0.0,0.0,0.0,0.0,0.0,0.0,0.0,0.0,0.0,0.0,0.0,0.0,0.0,0.0,0.0,0.0,0.0,0.0,0.0,0.0,0.0,0.0,0.0,0.0,0.0,0.0,0.0,0.0,0.0,0.0,0.0,0.0,0.0,0.0,0.0,0.0,0.0,0.0,0.0,0.0,0.0,0.0
-6.8897076,-1.4462287,5.860814,8.251923,-2.3052237,-6.922885,-4.3551383,-2.209292,-0.2601192,-4.396713,-0.36235923,10.987554,-2.1041703,-16.675446,-12.856964,-2.9820454,-2.371804,-1.8063455,-0.9629147,0.20333669,-8.098596,-17.000427,-29.881134,-34.04023,-29.076023,-27.919395,-40.3856,-50.823334,-47.588192,-52.90359,-66.685104,-67.21243,-59.811726,-64.60544,-53.835148,-51.575184,-53.87956,-28.26752,11.217497,19.695732,4.731137,0.22059584,24.607594,14.096474,3.1808069,-16.985313,-29.484571,-9.495628,19.58777,22.853092,22.885092,34.19689,35.78939,32.60462,30.7687,13.002367,3.695665,-2.9319558,1.2129437,-3.2267315,-10.752884,-23.142292,-39.379143,-34.950706,-22.76511,-30.125608,-33.62168,-25.285433,-21.55285,-20.546825,-28.856047,-40.780334,-52.007755,-51.12614,-42.31402,-52.683342,-53.551888,-50.09095,-51.19731,-53.18551,-55.530785,-48.622227,-48.49631,-26.698242,-7.7203956,1.4075172,-1.6695054,-6.524088,-10.559977,-11.764966,-12.0635395,-15.987242,-20.799158,3.2522984,27.09515,43.006866,44.955566,48.830246,58.618828,34.603287,22.619766,13.560459,2.4332113,12.224014,15.01244,12.363558,7.9670577,9.18737,11.100086,-14.23176,-44.252823,-51.76203,-45.33455,-44.229004,-46.789055,-45.517128,-50.088764,-51.91075,-52.728493,-45.57739,-41.42671,-50.133987,-52.37886,-48.159325,-45.801205,-32.083176,-21.165737,-8.262672,2.2483702,11.748579,5.423176,2.0869243,1.7605602,15.120598,21.221573,19.51883,23.111624,22.091301,20.742847,52.17366,56.17237,50.389748,50.513077,44.06002,40.826424,27.561745,18.353905,-0.7108425,-22.103361,-25.52371,-23.589748,-23.868298,-19.689106,-21.847752,-35.25195,-40.88344,-39.754707,-38.744267,-44.98618,-51.735706,-57.583107,-58.12537,-60.788902,-66.023705,-66.19761,-55.957214,-56.96364,-57.87854,-53.45836,-40.061996,-28.00843,-16.286837,-3.7161126,-2.0910947,4.673993,-0.12692314,-6.641287,-7.905419,-11.356633,-7.461379,1.0019485,4.3689594,-5.5523014,27.929552,36.89309,45.902245,55.52855,55.970047,47.9422,23.03146,21.232174,11.808692,16.615982,28.298576,18.838339,3.604908,-13.941059,-28.219254,-46.886993,-51.743958,-49.35633,-44.303852,-40.15531,-38.653065,-48.34941,-50.18966,-42.92274,-37.19611,-40.840923,-46.35778,-58.726555,-62.28622,-47.583107,-24.848467,8.35914,23.786171,26.870712,10.450861,-0.75273913,-6.482959,1.3774691,-0.65692794,-3.6376624,-3.245024,1.5037434,5.2067723,-26.889729,-36.524593,-32.337322,25.56923,44.828175,37.944153,38.73873,24.671137,5.83704,9.968323,9.652132,5.7366896,5.524417,8.172295,9.233723,6.829978,-13.846427,-21.036385,-20.670704,-23.262894,-21.865692,-21.691353,-18.847294,-18.092287,-13.120224,-7.312517,-18.477848,-22.269161,0.0,0.0,0.0,0.0,0.0,0.0,0.0,0.0,0.0,0.0,0.0,0.0,0.0,0.0,0.0,0.0,0.0,0.0,0.0,0.0,0.0,0.0,0.0,0.0,0.0,0.0,0.0,0.0,0.0,0.0,0.0,0.0,0.0,0.0,0.0,0.0,0.0,0.0,0.0,0.0,0.0,0.0,0.0,0.0,0.0,0.0,0.0,0.0,0.0,0.0,0.0,0.0,0.0,0.0,0.0,0.0,0.0,0.0,0.0,0.0,0.0,0.0,0.0,0.0,0.0,0.0,0.0,0.0,0.0,0.0,0.0,0.0,0.0,0.0,0.0,0.0,0.0,0.0,0.0,0.0,0.0,0.0,0.0,0.0,0.0,0.0,0.0,0.0,0.0,0.0,0.0,0.0,0.0,0.0,0.0,0.0,0.0,0.0,0.0,0.0,0.0,0.0,0.0,0.0,0.0,0.0,0.0,0.0,0.0,0.0,0.0,0.0,0.0,0.0,0.0,0.0,0.0,0.0,0.0,0.0,0.0,0.0,0.0,0.0,0.0,0.0,0.0,0.0,0.0,0.0,0.0,0.0,0.0,0.0,0.0,0.0,0.0,0.0,0.0,0.0,0.0,0.0,0.0,0.0,0.0,0.0,0.0,0.0,0.0,0.0,0.0,0.0,0.0,0.0,0.0,0.0,0.0,0.0,0.0,0.0,0.0,0.0,0.0,0.0,0.0,0.0,0.0,0.0,0.0,0.0,0.0,0.0,0.0,0.0,0.0,0.0,0.0,0.0,0.0,0.0,0.0,0.0,0.0,0.0,0.0,0.0,0.0,0.0,0.0,0.0,0.0,0.0,0.0,0.0,0.0,0.0,0.0,0.0,0.0,0.0,0.0,0.0,0.0,0.0,0.0,0.0,0.0,0.0,0.0,0.0,0.0,0.0,0.0,0.0,0.0,0.0,0.0,0.0,0.0,0.0,0.0,0.0,0.0,0.0,0.0,0.0,0.0,0.0,0.0,0.0,0.0,0.0,0.0,0.0,0.0,0.0,0.0,0.0,0.0,0.0,0.0,0.0,0.0,0.0,0.0,0.0,0.0,0.0,0.0,0.0,0.0,0.0,0.0,0.0,0.0,0.0,0.0,0.0,0.0,0.0,0.0,0.0,0.0,0.0,0.0,0.0,0.0,0.0,0.0,0.0,0.0,0.0,0.0,0.0,0.0,0.0,0.0,0.0,0.0,0.0,0.0,0.0,0.0,0.0,0.0,0.0,0.0,0.0,0.0,0.0,0.0,0.0,0.0,0.0,0.0,0.0,0.0,0.0,0.0,0.0,0.0,0.0,0.0,0.0,0.0,0.0,0.0,0.0,0.0,0.0,0.0,0.0,0.0,0.0,0.0,0.0,0.0,0.0,0.0,0.0,0.0,0.0,0.0,0.0,0.0,0.0,0.0,0.0,0.0,0.0,0.0,0.0,0.0,0.0,0.0,0.0,0.0,0.0,0.0,0.0,0.0,0.0,0.0,0.0,0.0,0.0
-2.8430018,-0.6528784,5.6823416,7.344507,-5.831846,-9.013975,-11.814993,-6.807352,-4.7872534,-14.204343,-14.302499,-1.1009572,-7.3079157,-13.910241,-11.067608,-6.141558,-10.629293,-8.86436,-8.152736,-26.375734,-36.53653,-36.930794,-47.33278,-55.716232,-48.741104,-37.152946,-39.535416,-44.24882,-45.123314,-41.857162,-48.73468,-47.93049,-44.82228,-43.935207,-35.70418,-37.11501,-49.234917,-47.513645,-14.350494,2.0566573,3.4847846,5.4020004,10.327982,-10.201443,-26.657566,-44.529495,-53.63867,-35.257534,-25.856022,-28.958912,-36.14657,-36.0847,-30.714668,-26.27811,-19.998722,-34.503983,-35.41827,-16.539837,-9.850524,-14.462737,-41.04248,-48.287086,-47.08532,-36.006927,-21.829424,-25.947401,-36.060665,-36.51899,-28.541761,-28.598503,-31.121056,-28.595272,-31.138382,-38.55052,-33.975563,-41.339554,-46.121323,-48.29949,-55.568665,-60.667038,-52.879143,-45.823402,-57.071236,-45.4045,-22.869476,2.25845,10.571228,-9.680161,-21.264856,-25.52353,-29.004898,-29.700426,-43.34842,-38.03077,-27.982065,-35.35414,-48.35294,-38.16372,-11.613641,-18.303875,-21.349998,-31.031837,-42.574352,-33.04965,-27.398228,-15.412636,-12.781863,-7.76733,0.34222096,-13.927021,-38.30558,-47.373802,-47.639713,-51.103943,-61.66145,-63.429573,-58.37902,-55.43049,-57.68297,-57.29619,-59.318382,-67.05505,-65.680084,-64.224144,-66.24298,-68.74265,-61.770157,-37.523975,-24.891228,-11.578365,-8.433245,-19.615444,-53.596092,-62.478577,-62.30446,-54.10697,-44.93209,-45.655098,-42.491146,-13.554388,-13.995087,-13.074598,-3.862782,1.2810025,-5.77039,-13.494685,-17.381191,-12.338789,7.7176266,19.712017,14.594069,9.837202,8.26355,4.5434847,-18.583225,-29.916515,-40.907925,-48.161392,-51.581505,-45.034683,-41.240173,-40.021072,-42.981,-37.716408,-34.828835,-34.483574,-30.187258,-33.296078,-47.754303,-51.522697,-44.079506,-20.798717,-5.541848,-4.8135767,-0.58450276,-3.17103,-18.835148,-43.234646,-52.030327,-47.41404,-44.672073,-43.722366,-50.312004,-29.582071,-22.386684,-20.481974,-24.583174,-34.354965,-34.574127,-30.444576,-22.419165,-32.13025,-34.571205,-22.688702,-18.826897,-24.732117,-31.132828,-28.09159,-39.311222,-56.005013,-50.976364,-38.452995,-29.924904,-27.027004,-40.29718,-46.7426,-46.79306,-41.77202,-43.452408,-57.080734,-64.943954,-70.69128,-71.26342,-58.637733,-34.194366,-17.932005,-10.758575,-15.740004,-33.829132,-52.02057,-51.054474,-68.62135,-61.139626,-41.90493,-29.051697,-21.566584,-2.8865314,-8.86425,-24.653963,-47.377174,-19.424932,-18.208347,-30.673862,-29.513634,-30.20078,-18.253862,-17.204668,-21.570492,-17.41679,-11.891775,-5.682682,-12.995406,-15.381584,8.159494,21.536636,33.14353,37.846634,26.923725,8.4746685,0.1259439,4.595089,3.9428518,-4.9780245,-1.0733165,0.0,0.0,0.0,0.0,0.0,0.0,0.0,0.0,0.0,0.0,0.0,0.0,0.0,0.0,0.0,0.0,0.0,0.0,0.0,0.0,0.0,0.0,0.0,0.0,0.0,0.0,0.0,0.0,0.0,0.0,0.0,0.0,0.0,0.0,0.0,0.0,0.0,0.0,0.0,0.0,0.0,0.0,0.0,0.0,0.0,0.0,0.0,0.0,0.0,0.0,0.0,0.0,0.0,0.0,0.0,0.0,0.0,0.0,0.0,0.0,0.0,0.0,0.0,0.0,0.0,0.0,0.0,0.0,0.0,0.0,0.0,0.0,0.0,0.0,0.0,0.0,0.0,0.0,0.0,0.0,0.0,0.0,0.0,0.0,0.0,0.0,0.0,0.0,0.0,0.0,0.0,0.0,0.0,0.0,0.0,0.0,0.0,0.0,0.0,0.0,0.0,0.0,0.0,0.0,0.0,0.0,0.0,0.0,0.0,0.0,0.0,0.0,0.0,0.0,0.0,0.0,0.0,0.0,0.0,0.0,0.0,0.0,0.0,0.0,0.0,0.0,0.0,0.0,0.0,0.0,0.0,0.0,0.0,0.0,0.0,0.0,0.0,0.0,0.0,0.0,0.0,0.0,0.0,0.0,0.0,0.0,0.0,0.0,0.0,0.0,0.0,0.0,0.0,0.0,0.0,0.0,0.0,0.0,0.0,0.0,0.0,0.0,0.0,0.0,0.0,0.0,0.0,0.0,0.0,0.0,0.0,0.0,0.0,0.0,0.0,0.0,0.0,0.0,0.0,0.0,0.0,0.0,0.0,0.0,0.0,0.0,0.0,0.0,0.0,0.0,0.0,0.0,0.0,0.0,0.0,0.0,0.0,0.0,0.0,0.0,0.0,0.0,0.0,0.0,0.0,0.0,0.0,0.0,0.0,0.0,0.0,0.0,0.0,0.0,0.0,0.0,0.0,0.0,0.0,0.0,0.0,0.0,0.0,0.0,0.0,0.0,0.0,0.0,0.0,0.0,0.0,0.0,0.0,0.0,0.0,0.0,0.0,0.0,0.0,0.0,0.0,0.0,0.0,0.0,0.0,0.0,0.0,0.0,0.0,0.0,0.0,0.0,0.0,0.0,0.0,0.0,0.0,0.0,0.0,0.0,0.0,0.0,0.0,0.0,0.0,0.0,0.0,0.0,0.0,0.0,0.0,0.0,0.0,0.0,0.0,0.0,0.0,0.0,0.0,0.0,0.0,0.0,0.0,0.0,0.0,0.0,0.0,0.0,0.0,0.0,0.0,0.0,0.0,0.0,0.0,0.0,0.0,0.0,0.0,0.0,0.0,0.0,0.0,0.0,0.0,0.0,0.0,0.0,0.0,0.0,0.0,0.0,0.0,0.0,0.0,0.0,0.0,0.0,0.0,0.0,0.0,0.0,0.0,0.0,0.0,0.0,0.0,0.0,0.0,0.0,0.0,0.0,0.0,0.0,0.0,0.0,0.0,0.0,0.0,0.0,0.0,0.0,0.0,0.0,0.0,0.0
0.93510914,-3.7145834,-4.0541544,-5.317368,-9.971625,-8.699376,-11.750536,-11.146996,-14.189463,-20.097916,-16.831448,-6.427844,-7.0340405,-11.904039,-14.067675,-17.74933,-21.656063,-14.860335,-13.571505,-29.464842,-34.621643,-26.499664,-24.410671,-33.730927,-30.556776,-17.819954,-17.152992,-25.601437,-31.257965,-29.988518,-29.718891,-29.085964,-32.041134,-33.8229,-28.086752,-31.26643,-31.780518,-34.092567,-29.750633,-27.777794,-22.0424,-10.506023,-3.8018272,-13.351028,-21.246944,-30.37677,-41.738914,-38.287846,-45.8196,-43.226578,-42.38296,-41.674763,-40.426918,-39.83641,-37.678864,-38.75035,-30.815868,-9.470946,-5.6668496,-6.359692,-39.318558,-44.76566,-31.64308,-26.393093,-17.950718,-13.284972,-14.7523575,-25.402275,-25.51944,-24.216133,-23.395905,-20.377796,-11.6276455,-13.052364,-13.142374,-11.097475,-15.131676,-15.677137,-17.339275,-19.147358,-17.780575,-12.613979,-16.661743,-25.80378,-39.234695,-24.373114,-14.4453535,-25.320827,-52.85383,-59.525475,-52.988026,-49.04858,-54.01716,-48.117504,-38.909798,-40.803116,-50.51371,-52.42163,-23.042698,-16.607925,-21.615744,-34.240616,-48.640373,-37.184536,-28.337585,-12.594017,-11.0465355,-13.321056,-19.210556,-9.961897,-23.740025,-36.141975,-34.08099,-22.07486,-25.26392,-30.650948,-26.377787,-25.53784,-28.773207,-31.76145,-27.45171,-22.725052,-20.394604,-20.79454,-21.844555,-32.9126,-38.366074,-30.599468,-24.999424,-12.941278,-8.126341,-10.151732,-20.531855,-25.754065,-32.738853,-39.183514,-50.232433,-51.544807,-42.150043,-23.978975,-22.470486,-26.32204,-32.08282,-24.748314,-25.28719,-21.910439,-18.259754,-7.5769553,3.4920788,0.36809662,-7.8447013,-11.615663,-14.831105,-15.235712,-25.491383,-22.631607,-24.900097,-28.662235,-26.335709,-26.337963,-30.155981,-32.502953,-35.274902,-29.615383,-16.790268,-14.2509365,-7.5667424,-3.133391,-11.840353,-30.00607,-27.634615,-14.919974,-15.261565,-18.241062,-17.075258,-9.0599375,-18.752653,-29.598928,-31.665058,-30.974754,-31.353054,-32.492195,-37.02613,-27.184246,-19.793888,-23.995575,-30.876091,-38.211357,-32.09543,-20.781567,-21.918346,-37.31122,-42.930847,-38.01541,-32.838165,-29.864296,-29.269312,-30.145222,-21.561695,-22.321274,-32.882458,-28.757465,-9.826622,-7.526864,-12.341961,-6.065261,-2.5417018,-3.2187042,-2.3603935,-7.4274464,1.0636551,4.9797616,3.4578,-6.3918843,-12.813511,-13.759613,-12.591735,-12.873599,-26.422043,-34.360996,-28.744621,-43.214386,-44.778984,-39.139244,-24.932232,-16.826765,-16.537586,-24.694706,-27.211922,-20.186829,-3.8098655,-4.722454,-14.260884,-5.1508884,-5.4139442,-13.19919,-21.566498,-24.255136,-15.26507,-8.14619,-8.861334,-13.327562,-13.134221,-1.8571807,-4.171946,-7.3784285,-1.6125216,6.0509806,1.0255011,-5.097446,-5.496953,-3.79987,4.41588,11.43158,0.0,0.0,0.0,0.0,0.0,0.0,0.0,0.0,0.0,0.0,0.0,0.0,0.0,0.0,0.0,0.0,0.0,0.0,0.0,0.0,0.0,0.0,0.0,0.0,0.0,0.0,0.0,0.0,0.0,0.0,0.0,0.0,0.0,0.0,0.0,0.0,0.0,0.0,0.0,0.0,0.0,0.0,0.0,0.0,0.0,0.0,0.0,0.0,0.0,0.0,0.0,0.0,0.0,0.0,0.0,0.0,0.0,0.0,0.0,0.0,0.0,0.0,0.0,0.0,0.0,0.0,0.0,0.0,0.0,0.0,0.0,0.0,0.0,0.0,0.0,0.0,0.0,0.0,0.0,0.0,0.0,0.0,0.0,0.0,0.0,0.0,0.0,0.0,0.0,0.0,0.0,0.0,0.0,0.0,0.0,0.0,0.0,0.0,0.0,0.0,0.0,0.0,0.0,0.0,0.0,0.0,0.0,0.0,0.0,0.0,0.0,0.0,0.0,0.0,0.0,0.0,0.0,0.0,0.0,0.0,0.0,0.0,0.0,0.0,0.0,0.0,0.0,0.0,0.0,0.0,0.0,0.0,0.0,0.0,0.0,0.0,0.0,0.0,0.0,0.0,0.0,0.0,0.0,0.0,0.0,0.0,0.0,0.0,0.0,0.0,0.0,0.0,0.0,0.0,0.0,0.0,0.0,0.0,0.0,0.0,0.0,0.0,0.0,0.0,0.0,0.0,0.0,0.0,0.0,0.0,0.0,0.0,0.0,0.0,0.0,0.0,0.0,0.0,0.0,0.0,0.0,0.0,0.0,0.0,0.0,0.0,0.0,0.0,0.0,0.0,0.0,0.0,0.0,0.0,0.0,0.0,0.0,0.0,0.0,0.0,0.0,0.0,0.0,0.0,0.0,0.0,0.0,0.0,0.0,0.0,0.0,0.0,0.0,0.0,0.0,0.0,0.0,0.0,0.0,0.0,0.0,0.0,0.0,0.0,0.0,0.0,0.0,0.0,0.0,0.0,0.0,0.0,0.0,0.0,0.0,0.0,0.0,0.0,0.0,0.0,0.0,0.0,0.0,0.0,0.0,0.0,0.0,0.0,0.0,0.0,0.0,0.0,0.0,0.0,0.0,0.0,0.0,0.0,0.0,0.0,0.0,0.0,0.0,0.0,0.0,0.0,0.0,0.0,0.0,0.0,0.0,0.0,0.0,0.0,0.0,0.0,0.0,0.0,0.0,0.0,0.0,0.0,0.0,0.0,0.0,0.0,0.0,0.0,0.0,0.0,0.0,0.0,0.0,0.0,0.0,0.0,0.0,0.0,0.0,0.0,0.0,0.0,0.0,0.0,0.0,0.0,0.0,0.0,0.0,0.0,0.0,0.0,0.0,0.0,0.0,0.0,0.0,0.0,0.0,0.0,0.0,0.0,0.0,0.0,0.0,0.0,0.0,0.0,0.0,0.0,0.0,0.0,0.0,0.0,0.0,0.0,0.0,0.0,0.0,0.0,0.0,0.0,0.0,0.0,0.0,0.0
4.7662554,2.899423,-6.326639,-11.127636,-9.953947,-8.238084,-14.49608,-14.547529,-11.564516,-11.751377,-9.493832,-7.67861,-8.489158,-14.548691,-16.95931,-20.123192,-17.111404,-20.345997,-13.683278,-6.8786626,-10.061095,-12.377922,-15.682278,-20.00684,-23.43716,-18.148928,-10.1856165,-9.255544,-8.748144,-13.14933,-18.22459,-20.010197,-25.836075,-35.17267,-27.516151,-20.547855,-23.737242,-25.373861,-34.366287,-39.282005,-25.81712,-13.567205,23.143131,36.673912,29.43021,35.61828,28.912083,11.996042,-12.389502,-13.641392,-9.001352,-14.170385,-23.743683,-25.458515,-23.7555,-17.466702,-1.3312693,28.96687,28.052662,20.18881,6.0900373,0.12531577,-0.8233827,-8.264721,2.4023907,-2.6222816,-8.991416,-16.046854,-17.609312,-15.152172,-16.542068,-17.181946,-10.051365,-13.72052,-22.95047,-17.628237,-21.65011,-18.88241,-17.08021,-18.655018,-21.664383,-6.7511845,3.3392303,-7.7170568,-32.172455,-28.984852,-10.855816,20.925278,19.88873,12.892351,6.6759176,3.6035924,-1.7441075,-5.4381003,-16.577913,-23.995728,-19.59945,-21.005066,0.35470122,8.308428,6.834525,10.702566,2.6550279,1.5566069,1.2194088,0.36289847,-7.938732,-10.579907,-9.248898,8.086105,0.49298698,-18.924513,-23.336163,-18.583988,-17.695225,-18.66087,-17.943914,-17.189035,-16.019167,-18.842163,-23.389046,-34.07209,-41.14019,-37.42427,-32.77961,-34.993835,-31.059467,-25.88306,-19.44302,-12.846552,-8.647733,3.2948842,9.21555,10.276512,13.69022,15.605177,2.8922145,0.727815,3.662065,13.743079,10.5468235,-1.7454227,-12.276759,-10.932236,-8.633571,-4.640861,1.2703199,7.2957916,-0.7501065,-10.953493,-16.984486,-23.29446,-31.172153,-4.7187386,13.770523,13.564157,3.9544954,-10.288546,-11.289128,-16.682404,-25.435575,-19.506035,-14.083601,-13.093827,-9.812166,-6.7066464,-10.430483,-12.547937,-11.724104,-19.488697,-23.094925,-17.696457,-23.0788,-14.336676,-8.902639,-9.1543045,-15.937223,-9.980745,-3.1349113,2.8311152,9.478588,17.420656,22.871153,23.595818,12.362603,-2.025733,-4.3433776,-6.575857,4.685901,5.512892,-2.3517032,-10.055544,-14.906323,-24.406782,-27.778053,-19.564224,-4.870531,-8.01778,-12.81894,-21.318766,-23.849304,-16.910936,-17.219727,-20.643444,-18.713804,-17.377783,-15.121172,-19.920006,-28.540342,-30.069553,-16.898232,-11.599312,-8.786174,-15.721927,-25.744106,-36.34481,-35.577484,-23.203604,-10.270792,13.765107,22.497675,4.3026667,5.451329,-2.2298348,-0.96638054,-4.0638213,-37.299477,-41.598568,-40.402977,2.8087397,2.5009928,-5.8710732,-3.3490443,5.8375626,16.269093,12.516266,11.255336,6.4904795,7.9576154,1.6393912,-8.003462,-5.5216904,-13.413641,-13.556747,-10.101192,-16.046677,-20.561455,-17.551945,-17.219276,-16.500397,-16.506657,-11.568354,0.50721025,8.072908,0.0,0.0,0.0,0.0,0.0,0.0,0.0,0.0,0.0,0.0,0.0,0.0,0.0,0.0,0.0,0.0,0.0,0.0,0.0,0.0,0.0,0.0,0.0,0.0,0.0,0.0,0.0,0.0,0.0,0.0,0.0,0.0,0.0,0.0,0.0,0.0,0.0,0.0,0.0,0.0,0.0,0.0,0.0,0.0,0.0,0.0,0.0,0.0,0.0,0.0,0.0,0.0,0.0,0.0,0.0,0.0,0.0,0.0,0.0,0.0,0.0,0.0,0.0,0.0,0.0,0.0,0.0,0.0,0.0,0.0,0.0,0.0,0.0,0.0,0.0,0.0,0.0,0.0,0.0,0.0,0.0,0.0,0.0,0.0,0.0,0.0,0.0,0.0,0.0,0.0,0.0,0.0,0.0,0.0,0.0,0.0,0.0,0.0,0.0,0.0,0.0,0.0,0.0,0.0,0.0,0.0,0.0,0.0,0.0,0.0,0.0,0.0,0.0,0.0,0.0,0.0,0.0,0.0,0.0,0.0,0.0,0.0,0.0,0.0,0.0,0.0,0.0,0.0,0.0,0.0,0.0,0.0,0.0,0.0,0.0,0.0,0.0,0.0,0.0,0.0,0.0,0.0,0.0,0.0,0.0,0.0,0.0,0.0,0.0,0.0,0.0,0.0,0.0,0.0,0.0,0.0,0.0,0.0,0.0,0.0,0.0,0.0,0.0,0.0,0.0,0.0,0.0,0.0,0.0,0.0,0.0,0.0,0.0,0.0,0.0,0.0,0.0,0.0,0.0,0.0,0.0,0.0,0.0,0.0,0.0,0.0,0.0,0.0,0.0,0.0,0.0,0.0,0.0,0.0,0.0,0.0,0.0,0.0,0.0,0.0,0.0,0.0,0.0,0.0,0.0,0.0,0.0,0.0,0.0,0.0,0.0,0.0,0.0,0.0,0.0,0.0,0.0,0.0,0.0,0.0,0.0,0.0,0.0,0.0,0.0,0.0,0.0,0.0,0.0,0.0,0.0,0.0,0.0,0.0,0.0,0.0,0.0,0.0,0.0,0.0,0.0,0.0,0.0,0.0,0.0,0.0,0.0,0.0,0.0,0.0,0.0,0.0,0.0,0.0,0.0,0.0,0.0,0.0,0.0,0.0,0.0,0.0,0.0,0.0,0.0,0.0,0.0,0.0,0.0,0.0,0.0,0.0,0.0,0.0,0.0,0.0,0.0,0.0,0.0,0.0,0.0,0.0,0.0,0.0,0.0,0.0,0.0,0.0,0.0,0.0,0.0,0.0,0.0,0.0,0.0,0.0,0.0,0.0,0.0,0.0,0.0,0.0,0.0,0.0,0.0,0.0,0.0,0.0,0.0,0.0,0.0,0.0,0.0,0.0,0.0,0.0,0.0,0.0,0.0,0.0,0.0,0.0,0.0,0.0,0.0,0.0,0.0,0.0,0.0,0.0,0.0,0.0,0.0,0.0,0.0,0.0,0.0,0.0,0.0,0.0,0.0,0.0,0.0,0.0,0.0,0.0
6.614728,5.589514,0.8062708,-2.039771,-3.5694919,-9.796181,-13.563307,-8.548754,-9.997432,-4.490647,0.37590718,-2.8046768,-2.8296123,-6.361001,-6.770202,-6.792845,-10.858662,-15.811047,-9.383408,11.77399,14.706222,9.067539,5.868388,0.886098,-4.278214,2.403428,13.549931,11.386364,4.2489767,-3.3241925,-3.9205823,-0.91580015,-1.8504487,0.24194098,2.5001597,13.474953,10.681295,0.60379183,-11.049154,-18.053696,-6.0537558,2.789198,2.0086646,-5.79636,-1.1272541,10.837095,10.728756,6.363358,-13.378178,-19.101017,-18.607834,-12.651615,-10.627013,-15.423902,-13.835615,-5.567054,2.1236067,12.7960205,11.235531,6.3304324,9.7957735,16.767395,14.831528,8.133803,4.3313947,5.2181234,1.3021415,0.54083693,-2.058189,1.7010677,5.9573703,2.0126677,4.6176796,6.3811955,5.6530485,8.100993,11.612217,16.518904,16.448526,14.320848,20.877636,25.05946,29.277714,23.526768,-0.5706506,-8.373188,-0.68106484,8.604517,4.9799256,2.8471353,4.1416345,6.9999776,9.175465,8.530083,-8.24658,-20.922434,-10.200354,-5.82248,-15.282049,-9.261831,2.663733,8.779524,0.12986898,-15.741195,-20.324879,-16.235977,-6.2300673,-2.467429,4.610743,19.42995,20.589155,16.291183,10.807537,6.2948837,8.432085,6.552225,8.458792,15.715012,17.088215,17.787428,13.663664,3.9793143,0.3553673,3.121491,5.8933287,1.5995572,-6.185587,0.30660295,5.365078,-2.907723,-11.375132,3.253068,9.788538,0.57177496,-3.0076728,0.37433112,-5.677064,-6.555358,-5.680574,9.683265,2.0643032,-11.769014,-12.09416,-3.1211996,-4.603467,-8.269038,-0.3589895,8.009303,6.2524385,2.695581,4.4977818,0.15579545,0.40923035,-3.6226,1.6462436,7.729636,10.578461,6.139308,5.1371017,7.5201063,1.8513837,-2.4812634,2.358808,12.751053,10.183119,4.2751493,4.1351924,9.757397,17.73011,19.477888,6.8052454,0.124326825,6.857691,19.201588,13.084195,-2.1164541,-9.863917,-13.4850235,-0.86997455,11.292244,20.996634,30.665642,28.67514,16.261915,-4.9622025,-8.396168,-13.352331,-17.010502,-6.1198535,-1.8453146,-9.195149,-12.4245205,-11.52027,-19.812267,-22.227942,-13.015896,9.428361,12.908458,8.973028,1.1247549,4.5518746,2.0430396,-2.4563441,-1.5496695,3.819186,-5.2877536,-5.0243163,4.318151,6.910174,8.218721,5.3860564,6.490567,9.747162,14.211426,8.243132,-8.351578,-16.489866,-17.108425,-3.7815433,10.454868,14.941768,-0.054929316,4.151138,0.27665848,-8.406821,-11.740402,-36.978836,-33.396385,-30.699028,-24.966022,-14.309248,-10.262253,-2.914003,2.1074822,11.082801,10.262962,17.455036,14.447798,8.301417,4.927155,-2.028564,1.1599975,-1.213285,-2.122787,-3.003292,-0.49691236,2.6759772,4.40143,2.1475143,0.36969677,6.851618,8.340338,5.811537,6.1551023,0.0,0.0,0.0,0.0,0.0,0.0,0.0,0.0,0.0,0.0,0.0,0.0,0.0,0.0,0.0,0.0,0.0,0.0,0.0,0.0,0.0,0.0,0.0,0.0,0.0,0.0,0.0,0.0,0.0,0.0,0.0,0.0,0.0,0.0,0.0,0.0,0.0,0.0,0.0,0.0,0.0,0.0,0.0,0.0,0.0,0.0,0.0,0.0,0.0,0.0,0.0,0.0,0.0,0.0,0.0,0.0,0.0,0.0,0.0,0.0,0.0,0.0,0.0,0.0,0.0,0.0,0.0,0.0,0.0,0.0,0.0,0.0,0.0,0.0,0.0,0.0,0.0,0.0,0.0,0.0,0.0,0.0,0.0,0.0,0.0,0.0,0.0,0.0,0.0,0.0,0.0,0.0,0.0,0.0,0.0,0.0,0.0,0.0,0.0,0.0,0.0,0.0,0.0,0.0,0.0,0.0,0.0,0.0,0.0,0.0,0.0,0.0,0.0,0.0,0.0,0.0,0.0,0.0,0.0,0.0,0.0,0.0,0.0,0.0,0.0,0.0,0.0,0.0,0.0,0.0,0.0,0.0,0.0,0.0,0.0,0.0,0.0,0.0,0.0,0.0,0.0,0.0,0.0,0.0,0.0,0.0,0.0,0.0,0.0,0.0,0.0,0.0,0.0,0.0,0.0,0.0,0.0,0.0,0.0,0.0,0.0,0.0,0.0,0.0,0.0,0.0,0.0,0.0,0.0,0.0,0.0,0.0,0.0,0.0,0.0,0.0,0.0,0.0,0.0,0.0,0.0,0.0,0.0,0.0,0.0,0.0,0.0,0.0,0.0,0.0,0.0,0.0,0.0,0.0,0.0,0.0,0.0,0.0,0.0,0.0,0.0,0.0,0.0,0.0,0.0,0.0,0.0,0.0,0.0,0.0,0.0,0.0,0.0,0.0,0.0,0.0,0.0,0.0,0.0,0.0,0.0,0.0,0.0,0.0,0.0,0.0,0.0,0.0,0.0,0.0,0.0,0.0,0.0,0.0,0.0,0.0,0.0,0.0,0.0,0.0,0.0,0.0,0.0,0.0,0.0,0.0,0.0,0.0,0.0,0.0,0.0,0.0,0.0,0.0,0.0,0.0,0.0,0.0,0.0,0.0,0.0,0.0,0.0,0.0,0.0,0.0,0.0,0.0,0.0,0.0,0.0,0.0,0.0,0.0,0.0,0.0,0.0,0.0,0.0,0.0,0.0,0.0,0.0,0.0,0.0,0.0,0.0,0.0,0.0,0.0,0.0,0.0,0.0,0.0,0.0,0.0,0.0,0.0,0.0,0.0,0.0,0.0,0.0,0.0,0.0,0.0,0.0,0.0,0.0,0.0,0.0,0.0,0.0,0.0,0.0,0.0,0.0,0.0,0.0,0.0,0.0,0.0,0.0,0.0,0.0,0.0,0.0,0.0,0.0,0.0,0.0,0.0,0.0,0.0,0.0,0.0,0.0,0.0,0.0,0.0,0.0,0.0,0.0,0.0,0.0,0.0
5.9255495,-0.91122305,-9.122078,-5.9015265,-6.3102493,-12.619208,-9.091808,-6.641978,-16.888239,-12.3124695,-3.6765864,0.98392284,-1.9235511,-2.1827888,1.0162393,-6.4585223,-13.582585,-7.986375,-12.13629,-21.878109,-22.1509,-24.842678,-22.951818,-21.664719,-26.881964,-26.646847,-14.946121,-7.123859,-7.4467154,-14.214588,-8.136177,-3.4002786,-5.939724,-0.12099686,1.8805064,4.4348116,-5.896921,-18.008053,-30.52364,-32.01448,-22.032827,-14.650173,-39.391254,-38.143696,-24.666029,-19.16189,-14.483879,-9.805824,-19.453999,-31.629002,-44.36,-42.553406,-41.339073,-51.02075,-43.6043,-36.733814,-34.789616,-24.628326,-25.499195,-25.682163,-26.019676,-20.231121,-9.278162,-7.544078,-28.986778,-34.768303,-34.85341,-20.106604,-6.719725,-6.713417,-9.847075,-12.800232,-11.238436,-7.857189,-9.867025,-7.8097196,-10.751728,-11.261517,-12.61533,-13.155258,-4.8757405,-0.7195673,-0.1416043,-3.0871937,-6.4099307,-15.590267,-30.404255,-21.309204,-6.3116446,-10.838976,-6.6720114,-3.3085327,-6.469712,-20.037104,-40.33599,-53.301907,-49.988567,-39.36853,-49.45662,-42.83838,-32.214054,-29.2248,-34.125694,-42.31731,-41.8071,-38.694485,-21.07108,-13.656562,-15.716816,-30.942944,-14.71982,0.82938105,-1.5340868,-8.732126,-17.026314,-12.925348,-7.078989,-1.8082436,-0.23877072,10.000952,10.479389,1.6491816,2.0947456,9.0564575,21.323137,20.715958,10.443019,5.111096,-4.6278553,-17.229198,-22.394186,-17.129978,-10.277178,-10.133112,-20.952526,-27.203789,-17.11774,-5.448537,-7.7572155,-17.063063,-28.180918,-37.40457,-34.21502,-31.499374,-30.145704,-32.673203,-28.509789,-25.442318,-24.51059,-30.133408,-29.053986,-24.72305,-14.677784,-14.775689,-26.854511,-23.025852,-14.385519,-4.4125485,-4.895207,-1.9178436,-1.153261,-1.8995738,1.8037177,3.6972775,-3.0727022,-8.721272,-8.642022,-8.039201,2.1033242,19.279926,14.721106,-10.534649,-25.03825,-30.388077,-32.358498,-35.122406,-29.847687,-16.748444,-8.456001,-11.171625,-12.197899,-14.082109,-20.706007,-36.448875,-50.57379,-54.477016,-61.617268,-54.202133,-49.99947,-45.39318,-42.362366,-41.36612,-39.635864,-31.784416,-26.396158,-12.901452,-7.3254576,-21.944233,-24.86618,-25.342585,-21.02787,-21.77603,-18.257439,-20.939947,-5.439079,-1.6156843,-9.545853,-10.885038,-7.9007893,-10.2951565,-11.910087,1.8417897,15.43988,18.259964,14.578547,8.272545,-2.2930827,-21.137218,-15.742505,-6.585187,-14.041933,-27.359552,-22.529003,-17.608986,-30.717216,-44.454147,-48.061134,-40.95003,-34.089016,-44.08486,-32.120327,-25.586775,-29.646935,-27.108032,-15.930569,-12.080663,-13.3269825,-23.112144,-26.562405,-16.591854,-17.468697,-18.077095,-17.217314,-25.130241,-29.785225,-24.002602,-21.36584,-17.77537,-7.585602,-10.021656,-6.459874,-1.1063726,-13.280625,-25.579977,0.0,0.0,0.0,0.0,0.0,0.0,0.0,0.0,0.0,0.0,0.0,0.0,0.0,0.0,0.0,0.0,0.0,0.0,0.0,0.0,0.0,0.0,0.0,0.0,0.0,0.0,0.0,0.0,0.0,0.0,0.0,0.0,0.0,0.0,0.0,0.0,0.0,0.0,0.0,0.0,0.0,0.0,0.0,0.0,0.0,0.0,0.0,0.0,0.0,0.0,0.0,0.0,0.0,0.0,0.0,0.0,0.0,0.0,0.0,0.0,0.0,0.0,0.0,0.0,0.0,0.0,0.0,0.0,0.0,0.0,0.0,0.0,0.0,0.0,0.0,0.0,0.0,0.0,0.0,0.0,0.0,0.0,0.0,0.0,0.0,0.0,0.0,0.0,0.0,0.0,0.0,0.0,0.0,0.0,0.0,0.0,0.0,0.0,0.0,0.0,0.0,0.0,0.0,0.0,0.0,0.0,0.0,0.0,0.0,0.0,0.0,0.0,0.0,0.0,0.0,0.0,0.0,0.0,0.0,0.0,0.0,0.0,0.0,0.0,0.0,0.0,0.0,0.0,0.0,0.0,0.0,0.0,0.0,0.0,0.0,0.0,0.0,0.0,0.0,0.0,0.0,0.0,0.0,0.0,0.0,0.0,0.0,0.0,0.0,0.0,0.0,0.0,0.0,0.0,0.0,0.0,0.0,0.0,0.0,0.0,0.0,0.0,0.0,0.0,0.0,0.0,0.0,0.0,0.0,0.0,0.0,0.0,0.0,0.0,0.0,0.0,0.0,0.0,0.0,0.0,0.0,0.0,0.0,0.0,0.0,0.0,0.0,0.0,0.0,0.0,0.0,0.0,0.0,0.0,0.0,0.0,0.0,0.0,0.0,0.0,0.0,0.0,0.0,0.0,0.0,0.0,0.0,0.0,0.0,0.0,0.0,0.0,0.0,0.0,0.0,0.0,0.0,0.0,0.0,0.0,0.0,0.0,0.0,0.0,0.0,0.0,0.0,0.0,0.0,0.0,0.0,0.0,0.0,0.0,0.0,0.0,0.0,0.0,0.0,0.0,0.0,0.0,0.0,0.0,0.0,0.0,0.0,0.0,0.0,0.0,0.0,0.0,0.0,0.0,0.0,0.0,0.0,0.0,0.0,0.0,0.0,0.0,0.0,0.0,0.0,0.0,0.0,0.0,0.0,0.0,0.0,0.0,0.0,0.0,0.0,0.0,0.0,0.0,0.0,0.0,0.0,0.0,0.0,0.0,0.0,0.0,0.0,0.0,0.0,0.0,0.0,0.0,0.0,0.0,0.0,0.0,0.0,0.0,0.0,0.0,0.0,0.0,0.0,0.0,0.0,0.0,0.0,0.0,0.0,0.0,0.0,0.0,0.0,0.0,0.0,0.0,0.0,0.0,0.0,0.0,0.0,0.0,0.0,0.0,0.0,0.0,0.0,0.0,0.0,0.0,0.0,0.0,0.0,0.0,0.0,0.0,0.0,0.0,0.0,0.0,0.0,0.0,0.0,0.0,0.0,0.0
9.626926,0.71929145,-4.1637444,-0.32607806,-8.461612,-6.2184134,-0.14222115,-0.14742428,-5.961217,-5.79945,-1.0995733,2.3388853,2.300659,-1.795175,3.9636955,-1.9155865,-5.1223106,-3.2256303,-7.2672563,6.584944,4.720685,5.9290395,7.9156513,8.403049,7.523588,1.8106761,9.16864,19.814983,25.926775,10.111106,4.0728345,6.2199097,2.077824,6.4069285,6.0804367,3.2340093,-1.1145241,-6.6721044,-15.837622,-9.637616,-8.580355,-11.66869,-27.820078,-25.47932,-11.802742,3.52534,7.2533064,5.8007374,9.652243,5.65362,2.336094,-3.8695383,-7.9090157,-15.047848,-9.857399,1.2714808,1.7694426,3.5557258,-3.6619883,-5.859921,-0.33555096,1.4623588,9.440718,-3.6050994,1.0776725,9.686756,5.156512,8.966873,13.289341,14.85134,9.147607,-5.3143497,-3.8161168,-0.65235674,-2.0442185,6.5491295,8.327848,1.9732573,4.18143,7.893867,13.455671,8.778673,4.42271,16.5484,26.874203,6.933381,-9.286089,0.7016184,21.007704,25.105408,17.085087,21.817196,26.436852,10.782423,1.7196772,2.9235225,-5.8307023,-7.509223,-12.856319,-15.15848,-10.878271,2.862034,16.237864,15.287947,7.0601354,-11.073426,-12.144638,-5.300785,-9.944836,-12.787661,6.154539,12.071972,8.638393,3.131746,3.8190362,8.041276,13.595343,17.14731,5.7673235,9.713472,8.224177,2.2731562,4.539094,7.7008734,14.9738245,14.803223,8.72465,-1.5331349,-10.807023,-14.45916,-5.085424,-12.263361,-16.332737,-8.095835,-7.18314,-0.026025593,7.5973053,7.7162256,3.7881303,-11.147091,-28.99847,-28.863121,-27.261078,-24.694452,-15.799335,-13.882687,-16.631317,-24.808247,-27.636986,-29.399616,-28.459084,-16.109856,-8.192482,-7.2922745,-13.146616,-13.032061,-6.608447,3.471127,5.8652,7.2901425,5.154739,2.8699129,12.151621,14.716446,8.45096,5.681036,-1.3587301,-5.9815927,3.4800963,16.65363,22.893053,4.1064253,-9.6308,-20.99967,-23.852009,-23.668537,-1.1272136,14.066092,12.560747,9.7678795,0.69938916,-5.599752,-5.3376355,-11.0233755,-5.15217,-13.014103,-23.51757,-25.306747,-30.556992,-19.300844,-7.076595,-7.535615,-7.140089,-2.1192024,-5.4491653,1.6720862,5.5890474,8.913471,13.128111,19.029236,16.403889,15.953949,11.148289,-0.22369704,3.1513245,6.6319494,3.0883508,1.9326087,4.2043514,-2.4741518,0.76133007,9.1278,13.564058,11.397957,9.270687,5.3056707,-0.22625698,-2.705467,1.3509469,4.6471457,16.588802,25.710526,6.89087,4.3889456,7.372298,1.3387287,-5.756679,-9.546844,-9.343354,-10.048483,-18.785736,-12.884862,-27.545263,-31.594204,-18.375183,-3.0159779,-2.3645883,-14.416298,-15.174389,-14.673122,-15.927355,-17.124773,-19.335835,-22.293152,-14.408854,-12.77783,-18.407345,-19.43695,-8.338278,-10.351783,-13.117998,-9.467289,-19.967339,-24.862158,0.0,0.0,0.0,0.0,0.0,0.0,0.0,0.0,0.0,0.0,0.0,0.0,0.0,0.0,0.0,0.0,0.0,0.0,0.0,0.0,0.0,0.0,0.0,0.0,0.0,0.0,0.0,0.0,0.0,0.0,0.0,0.0,0.0,0.0,0.0,0.0,0.0,0.0,0.0,0.0,0.0,0.0,0.0,0.0,0.0,0.0,0.0,0.0,0.0,0.0,0.0,0.0,0.0,0.0,0.0,0.0,0.0,0.0,0.0,0.0,0.0,0.0,0.0,0.0,0.0,0.0,0.0,0.0,0.0,0.0,0.0,0.0,0.0,0.0,0.0,0.0,0.0,0.0,0.0,0.0,0.0,0.0,0.0,0.0,0.0,0.0,0.0,0.0,0.0,0.0,0.0,0.0,0.0,0.0,0.0,0.0,0.0,0.0,0.0,0.0,0.0,0.0,0.0,0.0,0.0,0.0,0.0,0.0,0.0,0.0,0.0,0.0,0.0,0.0,0.0,0.0,0.0,0.0,0.0,0.0,0.0,0.0,0.0,0.0,0.0,0.0,0.0,0.0,0.0,0.0,0.0,0.0,0.0,0.0,0.0,0.0,0.0,0.0,0.0,0.0,0.0,0.0,0.0,0.0,0.0,0.0,0.0,0.0,0.0,0.0,0.0,0.0,0.0,0.0,0.0,0.0,0.0,0.0,0.0,0.0,0.0,0.0,0.0,0.0,0.0,0.0,0.0,0.0,0.0,0.0,0.0,0.0,0.0,0.0,0.0,0.0,0.0,0.0,0.0,0.0,0.0,0.0,0.0,0.0,0.0,0.0,0.0,0.0,0.0,0.0,0.0,0.0,0.0,0.0,0.0,0.0,0.0,0.0,0.0,0.0,0.0,0.0,0.0,0.0,0.0,0.0,0.0,0.0,0.0,0.0,0.0,0.0,0.0,0.0,0.0,0.0,0.0,0.0,0.0,0.0,0.0,0.0,0.0,0.0,0.0,0.0,0.0,0.0,0.0,0.0,0.0,0.0,0.0,0.0,0.0,0.0,0.0,0.0,0.0,0.0,0.0,0.0,0.0,0.0,0.0,0.0,0.0,0.0,0.0,0.0,0.0,0.0,0.0,0.0,0.0,0.0,0.0,0.0,0.0,0.0,0.0,0.0,0.0,0.0,0.0,0.0,0.0,0.0,0.0,0.0,0.0,0.0,0.0,0.0,0.0,0.0,0.0,0.0,0.0,0.0,0.0,0.0,0.0,0.0,0.0,0.0,0.0,0.0,0.0,0.0,0.0,0.0,0.0,0.0,0.0,0.0,0.0,0.0,0.0,0.0,0.0,0.0,0.0,0.0,0.0,0.0,0.0,0.0,0.0,0.0,0.0,0.0,0.0,0.0,0.0,0.0,0.0,0.0,0.0,0.0,0.0,0.0,0.0,0.0,0.0,0.0,0.0,0.0,0.0,0.0,0.0,0.0,0.0,0.0,0.0,0.0,0.0,0.0,0.0,0.0,0.0,0.0,0.0,0.0,0.0,0.0
13.851231,10.613571,-0.83355725,-2.2199736,-6.452121,-3.625491,-4.1596756,-10.791145,-8.70777,-6.7512126,-3.7396235,1.0334066,5.445997,1.044573,-0.015676796,-3.0301373,5.4844904,-7.3371577,-10.262641,2.101391,-9.505308,-11.0217705,-12.413092,-13.356939,-13.302579,-15.370914,-12.366827,-6.538123,-6.0988245,-19.576595,-20.878618,-16.663563,-17.066477,-17.882053,-23.484272,-25.132278,-20.378023,-19.399761,-31.67712,-23.891533,-27.734455,-30.882187,-19.721252,-28.381207,-34.96583,-32.689568,-30.904293,-31.404392,-35.17335,-36.790066,-33.840057,-36.841164,-31.106419,-29.283878,-31.303543,-17.099957,-16.527155,-31.703064,-31.413486,-18.722683,-14.060562,-11.285904,-1.3547345,1.9868617,0.03662187,-7.459914,-18.346354,-18.073982,-23.70285,-35.479973,-37.388454,-42.35592,-38.917564,-34.530964,-29.972225,-20.434948,-16.558983,-22.110764,-17.31245,-5.9438047,-2.8480854,-17.576424,-20.762129,-5.3160486,0.99731725,-1.5892122,-12.905014,-31.085083,-37.428123,-41.774025,-41.85856,-34.63495,-31.118755,-43.83266,-30.92909,-18.87902,-28.374592,-41.859726,-38.97818,-38.325897,-41.684616,-26.327576,-2.755164,-4.679773,-13.0035515,-20.44719,-12.896664,-6.8863916,-17.976288,-35.47876,-36.007896,-40.948196,-35.176186,-30.534548,-22.472569,-18.262367,-18.870026,-13.278223,-11.515745,-11.016106,-15.156273,-16.628563,-9.253586,-1.1058421,-4.1404657,-13.251982,-9.481966,-9.053032,-8.22443,-2.771189,-1.6967692,-14.808657,-19.465923,-14.342844,-12.350644,-12.976766,-6.8415823,-7.722935,-16.215794,-20.337963,-18.955372,-13.425484,-10.955598,-14.906452,-16.024292,-10.267662,-12.680235,-15.662061,-7.260847,1.7890282,6.251711,8.530247,8.355246,-4.376398,-37.220367,-42.50142,-34.312042,-27.259466,-26.112698,-21.460094,-30.812706,-35.59612,-27.47356,-28.267057,-36.616745,-37.811974,-35.975983,-38.31127,-33.594997,-29.587633,-12.125191,-13.853277,-8.992571,-1.8915038,2.0954325,-0.0385257,-11.892269,-26.869087,-26.068754,-25.278885,-34.460102,-35.37298,-29.506691,-35.678623,-37.492786,-39.92176,-41.413376,-30.519978,-30.79501,-21.580267,-14.832424,-8.704276,-5.770546,1.939379,4.3678765,0.68686056,-0.20298147,-19.428997,-22.834805,-22.042953,-21.396193,-26.50919,-30.776005,-32.73082,-31.677011,-31.024994,-32.67499,-33.388,-20.226841,-21.587944,-22.849773,-22.155367,-25.440275,-27.515629,-13.443738,-7.616371,-3.3470411,9.163804,15.103573,-0.32258,-13.927958,-22.14411,-40.406925,-49.125698,-44.510094,-39.691956,-29.50368,-25.662806,-20.905159,-11.245659,-23.941477,-23.043274,-41.013077,-41.29226,-29.205112,-18.853844,-16.11281,-22.451866,-18.741886,-20.575615,-17.97224,-11.899867,-11.580354,-9.040208,1.7665858,2.333765,-2.365543,-4.1186647,1.2652493,-1.7715287,-7.220807,-2.464161,-4.1271152,-9.889574,0.0,0.0,0.0,0.0,0.0,0.0,0.0,0.0,0.0,0.0,0.0,0.0,0.0,0.0,0.0,0.0,0.0,0.0,0.0,0.0,0.0,0.0,0.0,0.0,0.0,0.0,0.0,0.0,0.0,0.0,0.0,0.0,0.0,0.0,0.0,0.0,0.0,0.0,0.0,0.0,0.0,0.0,0.0,0.0,0.0,0.0,0.0,0.0,0.0,0.0,0.0,0.0,0.0,0.0,0.0,0.0,0.0,0.0,0.0,0.0,0.0,0.0,0.0,0.0,0.0,0.0,0.0,0.0,0.0,0.0,0.0,0.0,0.0,0.0,0.0,0.0,0.0,0.0,0.0,0.0,0.0,0.0,0.0,0.0,0.0,0.0,0.0,0.0,0.0,0.0,0.0,0.0,0.0,0.0,0.0,0.0,0.0,0.0,0.0,0.0,0.0,0.0,0.0,0.0,0.0,0.0,0.0,0.0,0.0,0.0,0.0,0.0,0.0,0.0,0.0,0.0,0.0,0.0,0.0,0.0,0.0,0.0,0.0,0.0,0.0,0.0,0.0,0.0,0.0,0.0,0.0,0.0,0.0,0.0,0.0,0.0,0.0,0.0,0.0,0.0,0.0,0.0,0.0,0.0,0.0,0.0,0.0,0.0,0.0,0.0,0.0,0.0,0.0,0.0,0.0,0.0,0.0,0.0,0.0,0.0,0.0,0.0,0.0,0.0,0.0,0.0,0.0,0.0,0.0,0.0,0.0,0.0,0.0,0.0,0.0,0.0,0.0,0.0,0.0,0.0,0.0,0.0,0.0,0.0,0.0,0.0,0.0,0.0,0.0,0.0,0.0,0.0,0.0,0.0,0.0,0.0,0.0,0.0,0.0,0.0,0.0,0.0,0.0,0.0,0.0,0.0,0.0,0.0,0.0,0.0,0.0,0.0,0.0,0.0,0.0,0.0,0.0,0.0,0.0,0.0,0.0,0.0,0.0,0.0,0.0,0.0,0.0,0.0,0.0,0.0,0.0,0.0,0.0,0.0,0.0,0.0,0.0,0.0,0.0,0.0,0.0,0.0,0.0,0.0,0.0,0.0,0.0,0.0,0.0,0.0,0.0,0.0,0.0,0.0,0.0,0.0,0.0,0.0,0.0,0.0,0.0,0.0,0.0,0.0,0.0,0.0,0.0,0.0,0.0,0.0,0.0,0.0,0.0,0.0,0.0,0.0,0.0,0.0,0.0,0.0,0.0,0.0,0.0,0.0,0.0,0.0,0.0,0.0,0.0,0.0,0.0,0.0,0.0,0.0,0.0,0.0,0.0,0.0,0.0,0.0,0.0,0.0,0.0,0.0,0.0,0.0,0.0,0.0,0.0,0.0,0.0,0.0,0.0,0.0,0.0,0.0,0.0,0.0,0.0,0.0,0.0,0.0,0.0,0.0,0.0,0.0,0.0,0.0,0.0,0.0,0.0,0.0,0.0,0.0,0.0,0.0,0.0,0.0,0.0,0.0,0.0,0.0,0.0,0.0,0.0,0.0
7.9698954,3.9582078,-1.883313,0.66999817,5.886713,3.0952773,-5.0591717,-11.206188,-14.930197,-12.678507,-2.1683493,0.668628,4.7178946,1.6143241,-1.13495,-9.163404,1.3214581,-5.8159256,-7.0763044,-21.136896,-17.314692,-11.302371,-3.949419,1.3522428,0.36386913,-0.9757871,3.8018365,9.742044,5.5546646,10.166691,12.275343,12.554952,17.392736,14.207106,2.9058282,-0.25753066,15.101794,21.621925,15.94424,19.286022,14.966175,18.434895,25.140991,25.062431,12.222895,4.819622,10.536678,8.035582,-11.226705,-32.019356,-30.611473,-21.726465,-18.124886,-11.141258,-16.92997,-9.158802,-3.8802412,-27.636133,-34.708664,-25.266512,-23.86192,-26.789223,-19.093018,6.4766808,14.666281,15.025542,8.197272,10.42378,8.154997,4.84093,2.0637848,3.2559366,9.318609,8.88505,9.68627,14.952069,15.468222,12.589779,11.358688,13.861458,9.146524,4.8214374,11.819393,14.65111,11.808182,11.972607,9.42465,13.827143,4.026782,1.6318848,2.807619,-1.0286144,-0.5632543,-7.8808184,-3.7899108,-8.533758,-10.830461,-18.810017,-13.5264225,-17.113329,-23.14934,-19.19117,-8.667573,-17.606575,-23.324306,-22.68474,-14.9614315,-12.460354,-1.0536116,6.2087393,5.597346,5.277748,9.422794,15.19084,25.676363,29.432842,22.966932,15.627615,16.405529,10.694317,-1.270804,0.84223735,9.172494,16.687286,15.425494,5.1770353,5.7984066,12.559266,14.1881,6.0380974,-5.815963,-18.39487,-3.2692018,-2.379255,6.424006,11.206923,8.897555,2.9813542,0.83450115,-8.412687,-10.175587,-5.3134007,-2.8881133,-5.6533303,-11.342873,-12.444323,-17.778053,-3.8155723,16.932356,24.743893,24.063873,20.602022,17.017078,19.951569,35.541714,28.46291,21.394697,17.325026,15.996772,10.814914,6.6197834,12.394546,16.145245,14.789209,9.070568,4.636582,9.973814,7.946177,-2.5917814,-7.377177,5.1578875,13.135121,21.825571,27.386404,29.422115,19.554783,11.444483,0.6624556,2.963894,3.3490179,-1.3637241,-8.2408495,-10.241171,-8.785919,-10.52022,-19.186863,-16.93882,-8.224009,-5.0501614,-6.08051,-6.246777,0.941634,-0.7304293,-4.5828247,-5.9181986,-9.51468,-1.6494675,10.500607,22.838638,21.257347,17.916996,17.234959,18.012594,17.837948,18.702065,11.720789,6.918359,4.6979074,19.30374,21.142828,17.170006,22.436483,20.373245,18.94254,32.740986,28.408234,16.435394,10.935808,15.969266,9.611994,13.672585,11.089972,4.712514,2.3011153,-1.8239202,-10.053396,-1.3244826,-6.4894295,-12.838434,-16.377827,-8.884981,-12.98077,-31.984682,-33.33035,-26.67184,-25.316637,-18.238874,-18.717136,-17.794567,-14.772865,-13.33556,-12.286282,-0.46855175,10.714966,14.814048,22.217186,20.028587,17.458305,12.032354,11.741088,15.846125,17.150326,16.873337,15.924631,0.0,0.0,0.0,0.0,0.0,0.0,0.0,0.0,0.0,0.0,0.0,0.0,0.0,0.0,0.0,0.0,0.0,0.0,0.0,0.0,0.0,0.0,0.0,0.0,0.0,0.0,0.0,0.0,0.0,0.0,0.0,0.0,0.0,0.0,0.0,0.0,0.0,0.0,0.0,0.0,0.0,0.0,0.0,0.0,0.0,0.0,0.0,0.0,0.0,0.0,0.0,0.0,0.0,0.0,0.0,0.0,0.0,0.0,0.0,0.0,0.0,0.0,0.0,0.0,0.0,0.0,0.0,0.0,0.0,0.0,0.0,0.0,0.0,0.0,0.0,0.0,0.0,0.0,0.0,0.0,0.0,0.0,0.0,0.0,0.0,0.0,0.0,0.0,0.0,0.0,0.0,0.0,0.0,0.0,0.0,0.0,0.0,0.0,0.0,0.0,0.0,0.0,0.0,0.0,0.0,0.0,0.0,0.0,0.0,0.0,0.0,0.0,0.0,0.0,0.0,0.0,0.0,0.0,0.0,0.0,0.0,0.0,0.0,0.0,0.0,0.0,0.0,0.0,0.0,0.0,0.0,0.0,0.0,0.0,0.0,0.0,0.0,0.0,0.0,0.0,0.0,0.0,0.0,0.0,0.0,0.0,0.0,0.0,0.0,0.0,0.0,0.0,0.0,0.0,0.0,0.0,0.0,0.0,0.0,0.0,0.0,0.0,0.0,0.0,0.0,0.0,0.0,0.0,0.0,0.0,0.0,0.0,0.0,0.0,0.0,0.0,0.0,0.0,0.0,0.0,0.0,0.0,0.0,0.0,0.0,0.0,0.0,0.0,0.0,0.0,0.0,0.0,0.0,0.0,0.0,0.0,0.0,0.0,0.0,0.0,0.0,0.0,0.0,0.0,0.0,0.0,0.0,0.0,0.0,0.0,0.0,0.0,0.0,0.0,0.0,0.0,0.0,0.0,0.0,0.0,0.0,0.0,0.0,0.0,0.0,0.0,0.0,0.0,0.0,0.0,0.0,0.0,0.0,0.0,0.0,0.0,0.0,0.0,0.0,0.0,0.0,0.0,0.0,0.0,0.0,0.0,0.0,0.0,0.0,0.0,0.0,0.0,0.0,0.0,0.0,0.0,0.0,0.0,0.0,0.0,0.0,0.0,0.0,0.0,0.0,0.0,0.0,0.0,0.0,0.0,0.0,0.0,0.0,0.0,0.0,0.0,0.0,0.0,0.0,0.0,0.0,0.0,0.0,0.0,0.0,0.0,0.0,0.0,0.0,0.0,0.0,0.0,0.0,0.0,0.0,0.0,0.0,0.0,0.0,0.0,0.0,0.0,0.0,0.0,0.0,0.0,0.0,0.0,0.0,0.0,0.0,0.0,0.0,0.0,0.0,0.0,0.0,0.0,0.0,0.0,0.0,0.0,0.0,0.0,0.0,0.0,0.0,0.0,0.0,0.0,0.0,0.0,0.0,0.0,0.0,0.0,0.0,0.0,0.0,0.0,0.0,0.0,0.0,0.0,0.0,0.0
-3.3545804,-2.9965737,-0.9553129,9.284185,12.293016,7.4175267,1.1559147,-2.644837,-7.0796976,-4.8900557,-0.55876195,3.1077847,10.0534115,-1.2060347,-3.1047492,-8.127237,-4.0972996,-0.46305335,3.2126718,3.8810573,-3.783742,-4.1650934,3.4583688,8.660233,2.980568,-4.660129,-5.8986006,-8.018967,-17.921858,-14.405114,-18.483494,-23.456947,-25.57352,-31.212074,-34.94619,-24.642317,-13.02977,-14.246562,-19.405897,-17.30289,-18.806086,-17.59108,-17.58368,-13.461322,-17.624596,-23.377132,-19.804192,-12.868603,-22.149261,-39.41462,-42.42717,-22.733257,-13.629359,-9.603107,-11.026155,-2.37977,3.7056847,-15.594627,-15.912643,-10.347902,-6.6858377,6.7015276,7.7995863,-1.9563249,5.7415266,2.7040553,-3.800981,-13.311623,-21.63935,-21.548737,-18.67382,-12.749147,-9.573311,-15.140749,-16.565775,-12.812154,-7.1672897,-6.790265,-8.51779,-13.552033,-17.735125,-20.386646,-24.705757,-28.122643,-36.35147,-32.847313,-18.91388,-24.152412,-37.43193,-31.058456,-30.760704,-35.22379,-22.29055,-14.9303,-9.732363,-17.315754,-14.662397,-12.590571,-9.329046,-3.8980255,0.38143495,-0.97515976,10.084714,8.45861,6.725829,1.0985663,-4.9066095,-13.357174,-15.969147,-13.8034115,-19.823193,-8.462506,-6.093356,-8.04388,-9.741568,-11.80854,-13.317802,-17.06111,-18.471855,-17.021465,-25.686077,-23.059177,-17.023754,-16.011944,-21.646263,-29.613823,-28.988708,-23.135794,-12.828955,-8.041294,-9.541616,-17.276077,-18.363182,-24.245186,-25.196648,-18.624914,-17.140043,-15.446407,-11.502593,-27.57061,-26.174484,-21.445862,-19.703594,-12.535606,-15.143705,-18.245596,-19.335442,-14.853057,-8.197866,-0.4592059,-6.89495,-9.451295,-11.8063755,4.6787376,15.053625,-9.104569,-16.984161,-17.008732,-15.986724,-16.48832,-24.246761,-24.89402,-22.611233,-26.925665,-29.416788,-30.112682,-33.67102,-41.2731,-45.99253,-45.632874,-42.64952,-45.102295,-34.46521,-20.263393,-18.256832,-11.314022,-7.4721737,-16.782612,-18.198095,-20.886642,-22.279026,-23.731485,-17.343468,-10.742587,-12.025282,-19.207153,-13.02402,-9.141103,-6.5854225,-5.352049,-1.8451564,8.359572,3.7172275,-5.2308006,-11.916658,-13.078543,-8.798569,-6.115836,-1.5751731,-17.265472,-32.464622,-35.53953,-27.184628,-15.639442,-8.641487,-8.109873,-8.183163,-9.0301,4.237601,-2.6659396,-9.877899,-0.41981894,1.5429018,5.446042,-1.1128534,-3.434559,1.8525095,3.8393843,3.7716649,-6.575204,-22.857977,-25.024933,-23.580807,-17.325169,-12.055725,-11.91243,-13.503126,-19.643784,-22.277119,-24.41481,-10.815792,-6.2025948,-1.5456002,-5.161245,3.9590292,7.3758965,0.75866205,-2.8148022,-3.0050879,-5.1359615,-10.354746,-13.141815,-0.8275975,1.1418521,-5.853936,-1.6772995,-0.3486739,-3.3179812,-5.164025,-10.734861,-4.5021563,0.9757904,6.784684,9.374838,0.0,0.0,0.0,0.0,0.0,0.0,0.0,0.0,0.0,0.0,0.0,0.0,0.0,0.0,0.0,0.0,0.0,0.0,0.0,0.0,0.0,0.0,0.0,0.0,0.0,0.0,0.0,0.0,0.0,0.0,0.0,0.0,0.0,0.0,0.0,0.0,0.0,0.0,0.0,0.0,0.0,0.0,0.0,0.0,0.0,0.0,0.0,0.0,0.0,0.0,0.0,0.0,0.0,0.0,0.0,0.0,0.0,0.0,0.0,0.0,0.0,0.0,0.0,0.0,0.0,0.0,0.0,0.0,0.0,0.0,0.0,0.0,0.0,0.0,0.0,0.0,0.0,0.0,0.0,0.0,0.0,0.0,0.0,0.0,0.0,0.0,0.0,0.0,0.0,0.0,0.0,0.0,0.0,0.0,0.0,0.0,0.0,0.0,0.0,0.0,0.0,0.0,0.0,0.0,0.0,0.0,0.0,0.0,0.0,0.0,0.0,0.0,0.0,0.0,0.0,0.0,0.0,0.0,0.0,0.0,0.0,0.0,0.0,0.0,0.0,0.0,0.0,0.0,0.0,0.0,0.0,0.0,0.0,0.0,0.0,0.0,0.0,0.0,0.0,0.0,0.0,0.0,0.0,0.0,0.0,0.0,0.0,0.0,0.0,0.0,0.0,0.0,0.0,0.0,0.0,0.0,0.0,0.0,0.0,0.0,0.0,0.0,0.0,0.0,0.0,0.0,0.0,0.0,0.0,0.0,0.0,0.0,0.0,0.0,0.0,0.0,0.0,0.0,0.0,0.0,0.0,0.0,0.0,0.0,0.0,0.0,0.0,0.0,0.0,0.0,0.0,0.0,0.0,0.0,0.0,0.0,0.0,0.0,0.0,0.0,0.0,0.0,0.0,0.0,0.0,0.0,0.0,0.0,0.0,0.0,0.0,0.0,0.0,0.0,0.0,0.0,0.0,0.0,0.0,0.0,0.0,0.0,0.0,0.0,0.0,0.0,0.0,0.0,0.0,0.0,0.0,0.0,0.0,0.0,0.0,0.0,0.0,0.0,0.0,0.0,0.0,0.0,0.0,0.0,0.0,0.0,0.0,0.0,0.0,0.0,0.0,0.0,0.0,0.0,0.0,0.0,0.0,0.0,0.0,0.0,0.0,0.0,0.0,0.0,0.0,0.0,0.0,0.0,0.0,0.0,0.0,0.0,0.0,0.0,0.0,0.0,0.0,0.0,0.0,0.0,0.0,0.0,0.0,0.0,0.0,0.0,0.0,0.0,0.0,0.0,0.0,0.0,0.0,0.0,0.0,0.0,0.0,0.0,0.0,0.0,0.0,0.0,0.0,0.0,0.0,0.0,0.0,0.0,0.0,0.0,0.0,0.0,0.0,0.0,0.0,0.0,0.0,0.0,0.0,0.0,0.0,0.0,0.0,0.0,0.0,0.0,0.0,0.0,0.0,0.0,0.0,0.0,0.0,0.0,0.0,0.0,0.0,0.0,0.0,0.0,0.0,0.0,0.0,0.0,0.0,0.0
-7.1587677,-3.7119842,4.9260845,7.932951,7.4634633,4.583376,-4.266243,-9.446174,-4.5138044,-4.3736267,-4.9538126,1.0828633,9.679038,-1.5867069,-1.4411949,1.5148861,-0.11868471,1.3625561,2.288248,5.3696394,0.5337134,-1.3656285,0.69302976,3.797769,-3.989561,-5.7532125,-3.1755066,-3.2332425,-3.275516,9.853203,11.327342,12.258185,3.4120903,3.6633227,8.430036,20.276531,23.57752,25.437553,30.877338,25.124016,14.886936,1.355082,-2.8680363,16.733814,22.466415,26.7142,22.333382,16.645164,10.246315,7.288397,2.6643353,5.9976625,7.257133,12.79834,14.937857,17.894615,18.72374,6.697941,4.3564157,2.8341017,9.476675,19.590458,16.48067,-7.8460827,-4.6619473,-2.3606248,-4.6975946,-5.770009,3.0192041,6.286147,7.0504756,13.068171,11.974663,16.590164,15.52955,8.39838,13.909411,17.855274,18.21576,14.288048,18.135124,14.903539,1.8072686,0.4500935,5.472706,15.680979,8.915485,8.47677,2.8818438,8.515238,16.532862,14.017577,10.878195,5.2740498,8.975886,-5.0069284,-10.58367,0.053583264,11.08603,15.672177,16.498425,5.1394463,9.415184,9.626298,7.679839,7.315129,4.008948,-6.1833897,-9.104276,-4.8985796,0.70451534,16.597271,23.701006,22.74487,18.411488,17.522676,18.972605,22.314537,22.57523,11.704592,10.468607,11.77001,6.1286974,5.3688593,4.4114637,13.345598,21.088703,13.4881,9.935056,4.0665355,-1.5719867,1.8110912,11.050247,19.83227,14.659872,17.732277,21.186466,21.041252,16.731245,0.41935545,5.540785,2.935325,-0.45923916,0.41080406,2.9700954,0.25885397,-2.1133184,-9.664098,-19.424826,-20.593288,-27.213303,-25.713314,-18.41335,-7.872515,8.089296,8.331644,17.936138,27.18125,28.644566,24.889093,24.716906,17.791286,17.48763,19.60505,18.167034,17.71423,14.145693,11.961599,15.444496,13.804382,5.8973494,3.587347,3.8166542,-2.448441,-11.531448,-10.891592,7.189868,12.855034,12.008575,11.993124,11.24645,15.958639,27.5648,18.787422,5.998403,3.4288228,2.3527522,3.5666766,12.393807,13.565421,6.552432,10.2295475,12.996454,12.5036125,7.6664934,11.303003,18.280022,21.56989,20.291338,20.398182,20.585598,15.849836,11.417219,14.82833,13.121274,5.7698097,6.047909,15.07547,18.881298,8.956085,2.8892417,8.640119,7.2699733,5.353912,-1.2606629,6.3098125,14.6810665,9.971265,3.8228755,2.0087419,-3.210952,9.367624,13.130232,14.901405,14.083254,14.796513,2.2119849,-0.48812005,-0.492837,10.921012,9.276973,10.434417,12.337847,15.46133,19.373787,9.03409,-3.3226233,-3.7454543,-5.0125666,-1.267103,-0.49189204,-0.63490593,-5.354348,-10.289214,-18.204765,-15.416709,-13.833036,-21.377943,-15.5047455,-14.197673,-14.580402,-9.271257,-6.2245893,-5.3138895,0.0,0.0,0.0,0.0,0.0,0.0,0.0,0.0,0.0,0.0,0.0,0.0,0.0,0.0,0.0,0.0,0.0,0.0,0.0,0.0,0.0,0.0,0.0,0.0,0.0,0.0,0.0,0.0,0.0,0.0,0.0,0.0,0.0,0.0,0.0,0.0,0.0,0.0,0.0,0.0,0.0,0.0,0.0,0.0,0.0,0.0,0.0,0.0,0.0,0.0,0.0,0.0,0.0,0.0,0.0,0.0,0.0,0.0,0.0,0.0,0.0,0.0,0.0,0.0,0.0,0.0,0.0,0.0,0.0,0.0,0.0,0.0,0.0,0.0,0.0,0.0,0.0,0.0,0.0,0.0,0.0,0.0,0.0,0.0,0.0,0.0,0.0,0.0,0.0,0.0,0.0,0.0,0.0,0.0,0.0,0.0,0.0,0.0,0.0,0.0,0.0,0.0,0.0,0.0,0.0,0.0,0.0,0.0,0.0,0.0,0.0,0.0,0.0,0.0,0.0,0.0,0.0,0.0,0.0,0.0,0.0,0.0,0.0,0.0,0.0,0.0,0.0,0.0,0.0,0.0,0.0,0.0,0.0,0.0,0.0,0.0,0.0,0.0,0.0,0.0,0.0,0.0,0.0,0.0,0.0,0.0,0.0,0.0,0.0,0.0,0.0,0.0,0.0,0.0,0.0,0.0,0.0,0.0,0.0,0.0,0.0,0.0,0.0,0.0,0.0,0.0,0.0,0.0,0.0,0.0,0.0,0.0,0.0,0.0,0.0,0.0,0.0,0.0,0.0,0.0,0.0,0.0,0.0,0.0,0.0,0.0,0.0,0.0,0.0,0.0,0.0,0.0,0.0,0.0,0.0,0.0,0.0,0.0,0.0,0.0,0.0,0.0,0.0,0.0,0.0,0.0,0.0,0.0,0.0,0.0,0.0,0.0,0.0,0.0,0.0,0.0,0.0,0.0,0.0,0.0,0.0,0.0,0.0,0.0,0.0,0.0,0.0,0.0,0.0,0.0,0.0,0.0,0.0,0.0,0.0,0.0,0.0,0.0,0.0,0.0,0.0,0.0,0.0,0.0,0.0,0.0,0.0,0.0,0.0,0.0,0.0,0.0,0.0,0.0,0.0,0.0,0.0,0.0,0.0,0.0,0.0,0.0,0.0,0.0,0.0,0.0,0.0,0.0,0.0,0.0,0.0,0.0,0.0,0.0,0.0,0.0,0.0,0.0,0.0,0.0,0.0,0.0,0.0,0.0,0.0,0.0,0.0,0.0,0.0,0.0,0.0,0.0,0.0,0.0,0.0,0.0,0.0,0.0,0.0,0.0,0.0,0.0,0.0,0.0,0.0,0.0,0.0,0.0,0.0,0.0,0.0,0.0,0.0,0.0,0.0,0.0,0.0,0.0,0.0,0.0,0.0,0.0,0.0,0.0,0.0,0.0,0.0,0.0,0.0,0.0,0.0,0.0,0.0,0.0,0.0,0.0,0.0,0.0,0.0,0.0,0.0,0.0,0.0,0.0,0.0,0.0
-3.1557674,-2.4393117,0.86447036,5.9772506,6.5909276,1.9004221,0.3093502,-4.339679,-4.9821577,-5.8740373,-4.683587,0.07960254,4.454116,-0.73427546,-0.24915606,5.826524,5.397744,2.8562794,-2.4494822,-3.916751,-5.34228,-6.336673,-10.901601,-7.9429536,-10.480533,-15.427208,-17.128532,-16.980785,-16.60963,-14.770485,-12.32577,-12.885305,-19.81469,-16.78569,-13.42679,-17.7767,-18.696196,-16.761284,-7.1394463,-17.473026,-24.25452,-25.41042,-20.101303,-22.719385,-20.25863,-7.4777193,-6.508432,-14.648895,-13.41311,-2.3004165,-0.81626904,-11.248354,-18.129402,-16.537193,-13.405103,-14.967149,-17.31092,-23.481087,-17.778173,-14.045872,-4.1343403,-8.306023,-10.889495,-5.481431,-6.6957064,-1.4519215,0.32828367,-9.413728,-13.981386,-16.274607,-22.725407,-19.697586,-13.780533,-5.6496906,-7.608506,-17.06965,-8.666479,-8.753605,-3.6017861,-3.2429318,-11.555349,-12.813059,-10.935725,-9.689511,-2.6309514,10.001535,-3.19548,1.4354981,0.9721308,-4.3882704,-8.443713,-11.512484,-10.964636,-12.229513,-15.322395,-29.627619,-33.721687,-31.183838,-25.699352,-14.053234,-7.466804,-9.500861,-4.384391,-9.841036,-9.233635,-4.367659,-2.7107594,-8.670392,2.1019297,-1.3369528,-1.2169447,-5.661484,-13.153459,-16.693884,-12.646308,-10.544952,-9.947992,-6.264898,-2.6775482,-9.19949,-15.303751,-16.603184,-20.863205,-17.490332,-6.7378187,8.987721,13.278887,1.8772237,2.17258,-0.008998275,-3.4716256,-1.0363531,-1.3317142,2.3489728,-0.50170946,-6.786399,-2.691693,5.4615436,4.9693985,-8.403921,-4.9355755,-0.85705376,4.502149,-3.7197747,-2.0370607,-3.5091977,-1.9799752,-8.857879,-14.907869,-11.380934,-6.440927,-2.3721242,0.8003669,-4.4878187,-12.140148,-14.5596695,-15.585014,-15.657899,-7.5499516,-6.4656897,-11.212402,-11.806549,-7.749642,-6.2563267,-3.213769,-3.027237,-2.8809612,1.2334201,7.2780914,0.27374983,-5.6156983,-2.238021,-4.0795617,-7.296091,-3.6357477,1.5984874,0.45719647,1.3632504,-9.730855,-18.212261,-16.769375,-7.6584973,-2.2912855,-14.6162,-15.115596,-8.873665,-18.527042,-21.577421,-18.736069,-17.60224,-15.647001,-10.004612,-6.0575514,-1.0299644,2.4815865,7.942988,1.7453735,-5.1163216,-15.451514,-9.147195,4.025873,5.229513,0.85570085,3.5108852,-0.85111105,-2.1418653,-3.6979175,-3.0540981,1.8039447,-1.9120519,-3.446076,-4.7187757,-10.673519,-14.105803,-10.493213,2.9731345,6.6008697,3.5503097,0.81507206,4.143788,-2.3743086,-6.2784047,-15.03973,-15.876333,-12.741892,-8.425129,-10.67136,-13.533731,-16.090958,-3.7605755,-10.612637,-13.293783,-11.693468,-9.903643,-13.986582,-17.475496,-20.220484,-21.07312,-14.930796,-6.9922695,-8.009756,-3.8345814,-3.2344663,-0.39809602,0.71850514,-7.595279,-12.309383,-10.55427,-0.8193223,0.674839,1.4757667,6.0429807,-5.9459147,-16.707582,0.0,0.0,0.0,0.0,0.0,0.0,0.0,0.0,0.0,0.0,0.0,0.0,0.0,0.0,0.0,0.0,0.0,0.0,0.0,0.0,0.0,0.0,0.0,0.0,0.0,0.0,0.0,0.0,0.0,0.0,0.0,0.0,0.0,0.0,0.0,0.0,0.0,0.0,0.0,0.0,0.0,0.0,0.0,0.0,0.0,0.0,0.0,0.0,0.0,0.0,0.0,0.0,0.0,0.0,0.0,0.0,0.0,0.0,0.0,0.0,0.0,0.0,0.0,0.0,0.0,0.0,0.0,0.0,0.0,0.0,0.0,0.0,0.0,0.0,0.0,0.0,0.0,0.0,0.0,0.0,0.0,0.0,0.0,0.0,0.0,0.0,0.0,0.0,0.0,0.0,0.0,0.0,0.0,0.0,0.0,0.0,0.0,0.0,0.0,0.0,0.0,0.0,0.0,0.0,0.0,0.0,0.0,0.0,0.0,0.0,0.0,0.0,0.0,0.0,0.0,0.0,0.0,0.0,0.0,0.0,0.0,0.0,0.0,0.0,0.0,0.0,0.0,0.0,0.0,0.0,0.0,0.0,0.0,0.0,0.0,0.0,0.0,0.0,0.0,0.0,0.0,0.0,0.0,0.0,0.0,0.0,0.0,0.0,0.0,0.0,0.0,0.0,0.0,0.0,0.0,0.0,0.0,0.0,0.0,0.0,0.0,0.0,0.0,0.0,0.0,0.0,0.0,0.0,0.0,0.0,0.0,0.0,0.0,0.0,0.0,0.0,0.0,0.0,0.0,0.0,0.0,0.0,0.0,0.0,0.0,0.0,0.0,0.0,0.0,0.0,0.0,0.0,0.0,0.0,0.0,0.0,0.0,0.0,0.0,0.0,0.0,0.0,0.0,0.0,0.0,0.0,0.0,0.0,0.0,0.0,0.0,0.0,0.0,0.0,0.0,0.0,0.0,0.0,0.0,0.0,0.0,0.0,0.0,0.0,0.0,0.0,0.0,0.0,0.0,0.0,0.0,0.0,0.0,0.0,0.0,0.0,0.0,0.0,0.0,0.0,0.0,0.0,0.0,0.0,0.0,0.0,0.0,0.0,0.0,0.0,0.0,0.0,0.0,0.0,0.0,0.0,0.0,0.0,0.0,0.0,0.0,0.0,0.0,0.0,0.0,0.0,0.0,0.0,0.0,0.0,0.0,0.0,0.0,0.0,0.0,0.0,0.0,0.0,0.0,0.0,0.0,0.0,0.0,0.0,0.0,0.0,0.0,0.0,0.0,0.0,0.0,0.0,0.0,0.0,0.0,0.0,0.0,0.0,0.0,0.0,0.0,0.0,0.0,0.0,0.0,0.0,0.0,0.0,0.0,0.0,0.0,0.0,0.0,0.0,0.0,0.0,0.0,0.0,0.0,0.0,0.0,0.0,0.0,0.0,0.0,0.0,0.0,0.0,0.0,0.0,0.0,0.0,0.0,0.0,0.0,0.0,0.0,0.0,0.0,0.0,0.0,0.0,0.0,0.0,0.0,0.0
-0.99448895,1.3258635,-2.2044315,1.3665261,4.2995515,-0.29414746,3.3277447,2.015771,4.320138,2.0584958,2.4073162,1.1333017,3.3252497,2.6322465,5.246537,9.53354,9.542237,3.256732,0.9154074,-1.1658342,0.83068883,1.8745251,5.198143,6.7040644,1.4389961,-0.123458624,-1.9000967,4.429684,7.7046595,3.5854127,3.3007689,8.96793,8.263487,4.993266,7.1335106,3.812994,11.788288,13.2234535,23.095188,12.038285,12.606528,5.9714155,-1.8703568,-10.374551,-12.01725,-8.91516,1.3038424,-1.5642985,-6.3926935,-3.6896617,-6.750001,-13.24629,-8.38493,-2.7830353,-2.7680323,-2.205245,-2.1151237,1.1348883,3.4965649,8.860683,20.037731,15.668255,7.2328224,11.080706,8.578994,19.21869,25.486576,17.767298,6.267485,-0.69285905,1.3360994,9.176802,11.524166,9.797231,12.086241,10.405515,18.933535,16.341743,11.303049,10.860173,9.191187,9.965296,22.534672,23.47932,23.070301,28.886372,23.4583,2.4347348,-3.16792,-12.717407,-8.890037,0.4465207,4.125269,-0.35736075,2.2868867,-1.8803647,-8.648202,-12.560938,-20.87484,-14.893847,-3.611722,-3.7969055,-2.2244503,-3.3356087,-4.1348433,3.062704,6.597179,5.6944084,6.606354,5.1512423,11.044174,7.982076,3.0047185,6.659172,16.96741,24.710094,18.847534,14.633772,6.943653,11.293373,18.531544,16.043188,12.408706,12.022288,17.688236,19.549831,15.147702,13.898855,20.800888,7.4752226,4.612643,13.485395,8.225568,2.7922657,1.0704025,-8.979771,-12.879815,-4.446416,-1.1329327,-12.276794,-12.777897,-10.339001,-4.111613,-16.374481,-14.843566,-10.083363,-2.1161783,1.110913,13.076736,25.247347,26.729912,21.969673,22.6223,6.5624084,5.7948194,9.439549,5.731429,1.8606274,4.1741786,5.618206,8.112645,12.570402,12.601377,10.655138,10.582941,9.505533,9.966341,6.0654287,5.215956,9.708141,15.864752,19.080112,14.868921,3.046721,-1.7951518,-2.0496254,1.5105482,10.709403,1.6158184,-5.6397953,-3.2422101,0.6187748,4.6386957,-0.21538556,-0.6263623,-12.732012,-14.241017,-1.5012891,-7.202778,-9.545506,-7.284311,-7.456629,-1.604727,3.9613783,6.20152,0.5944095,3.59557,13.274712,4.3129635,7.0433626,6.7519946,6.7672763,12.663933,17.089918,13.7374525,15.017588,9.911345,7.6660676,16.118607,16.926727,16.379517,19.944256,19.51693,21.667332,18.80456,12.682838,7.1877418,2.1667485,0.68250436,0.19979751,-0.91064847,-7.4109945,-11.019396,-8.541608,0.09500065,1.4097235,13.493127,8.655628,8.439449,2.6961355,-3.0751557,-0.651901,-3.047618,4.445737,7.299101,1.1549059,-9.368368,-6.9904666,-0.8458526,-3.1767588,-4.5055885,3.31333,18.31303,22.005573,26.051609,20.630503,16.735342,20.385435,18.546886,23.181854,25.338413,23.565285,4.851552,-0.98612964,0.0,0.0,0.0,0.0,0.0,0.0,0.0,0.0,0.0,0.0,0.0,0.0,0.0,0.0,0.0,0.0,0.0,0.0,0.0,0.0,0.0,0.0,0.0,0.0,0.0,0.0,0.0,0.0,0.0,0.0,0.0,0.0,0.0,0.0,0.0,0.0,0.0,0.0,0.0,0.0,0.0,0.0,0.0,0.0,0.0,0.0,0.0,0.0,0.0,0.0,0.0,0.0,0.0,0.0,0.0,0.0,0.0,0.0,0.0,0.0,0.0,0.0,0.0,0.0,0.0,0.0,0.0,0.0,0.0,0.0,0.0,0.0,0.0,0.0,0.0,0.0,0.0,0.0,0.0,0.0,0.0,0.0,0.0,0.0,0.0,0.0,0.0,0.0,0.0,0.0,0.0,0.0,0.0,0.0,0.0,0.0,0.0,0.0,0.0,0.0,0.0,0.0,0.0,0.0,0.0,0.0,0.0,0.0,0.0,0.0,0.0,0.0,0.0,0.0,0.0,0.0,0.0,0.0,0.0,0.0,0.0,0.0,0.0,0.0,0.0,0.0,0.0,0.0,0.0,0.0,0.0,0.0,0.0,0.0,0.0,0.0,0.0,0.0,0.0,0.0,0.0,0.0,0.0,0.0,0.0,0.0,0.0,0.0,0.0,0.0,0.0,0.0,0.0,0.0,0.0,0.0,0.0,0.0,0.0,0.0,0.0,0.0,0.0,0.0,0.0,0.0,0.0,0.0,0.0,0.0,0.0,0.0,0.0,0.0,0.0,0.0,0.0,0.0,0.0,0.0,0.0,0.0,0.0,0.0,0.0,0.0,0.0,0.0,0.0,0.0,0.0,0.0,0.0,0.0,0.0,0.0,0.0,0.0,0.0,0.0,0.0,0.0,0.0,0.0,0.0,0.0,0.0,0.0,0.0,0.0,0.0,0.0,0.0,0.0,0.0,0.0,0.0,0.0,0.0,0.0,0.0,0.0,0.0,0.0,0.0,0.0,0.0,0.0,0.0,0.0,0.0,0.0,0.0,0.0,0.0,0.0,0.0,0.0,0.0,0.0,0.0,0.0,0.0,0.0,0.0,0.0,0.0,0.0,0.0,0.0,0.0,0.0,0.0,0.0,0.0,0.0,0.0,0.0,0.0,0.0,0.0,0.0,0.0,0.0,0.0,0.0,0.0,0.0,0.0,0.0,0.0,0.0,0.0,0.0,0.0,0.0,0.0,0.0,0.0,0.0,0.0,0.0,0.0,0.0,0.0,0.0,0.0,0.0,0.0,0.0,0.0,0.0,0.0,0.0,0.0,0.0,0.0,0.0,0.0,0.0,0.0,0.0,0.0,0.0,0.0,0.0,0.0,0.0,0.0,0.0,0.0,0.0,0.0,0.0,0.0,0.0,0.0,0.0,0.0,0.0,0.0,0.0,0.0,0.0,0.0,0.0,0.0,0.0,0.0,0.0,0.0,0.0,0.0,0.0,0.0,0.0,0.0,0.0,0.0,0.0,0.0,0.0,0.0,0.0,0.0,0.0
-3.4089417,-1.0839298,1.5408823,5.185275,5.8390656,-3.4395747,-2.4793367,0.22207652,2.3357592,2.531324,8.23818,5.6932135,0.54589874,-2.6045594,-0.47167993,6.460734,6.52892,3.4903111,2.8130388,-7.7466683,-14.064108,-15.4909525,-8.686302,-6.6471834,-4.247457,-5.32965,-4.0351963,4.296332,3.097544,-3.862455,-3.8214805,2.1721485,4.1655064,4.5297203,-0.16759324,-9.849012,-5.3034496,-2.5484076,8.723461,12.729236,9.770375,1.6832823,1.0100862,-9.746045,-1.5470493,6.3069706,18.753323,15.604364,9.997688,-0.17213947,-9.312054,-10.693821,-7.9934306,-8.49706,-10.91806,-9.869158,-7.1310525,1.950906,-2.9722981,-1.3036925,2.843846,3.5807946,8.819613,8.48364,-2.465072,-0.6393026,9.224227,13.479652,2.924292,-6.831731,1.2588776,6.2115707,0.32773522,-2.485578,-8.070714,-18.522898,-12.88275,-6.1710196,-8.340956,-5.1942716,3.5740614,1.0621672,1.8636267,-1.0854765,1.2992189,6.2597237,4.129884,13.507327,23.287743,24.678928,25.376982,23.248095,17.561508,11.944822,12.203962,12.24043,7.699284,-0.7720613,-8.934765,-1.4370469,0.010455668,6.75939,7.500308,-0.9746642,-5.867679,-0.76765573,7.867115,10.277912,-1.9229771,-7.5138617,-5.053868,-4.531871,-6.233152,-8.510597,-6.8034353,4.3301663,-0.51490057,-6.509348,-13.0514145,-7.972379,-5.104025,-6.0353947,-8.508705,1.0570561,1.1611443,-4.219937,-13.370989,-0.82811266,13.6810875,8.786615,9.116619,11.0452,3.6114419,-4.431306,-4.278071,0.7571205,-2.988389,-1.6476012,3.2355099,-3.1174164,-4.0208545,-5.3779707,-12.146042,-20.803625,-15.541051,-8.195783,-4.499033,-2.5017145,10.5242,17.640568,19.243221,11.303642,2.6501727,-4.2711225,2.9454963,3.0680594,6.709434,10.161299,0.6598995,-3.3189135,-0.23968072,-1.4488511,-0.08887917,1.8273628,1.3565059,1.5616186,1.6724468,-1.2540278,-0.59953594,-3.2530313,-4.327038,-6.3193808,-11.383539,-11.146759,-5.977176,-9.906317,6.7378736,18.278296,22.378105,20.830275,13.138058,10.345639,9.753826,-2.8245363,-1.9993751,-3.4759226,-2.6150627,3.6433575,-4.1527247,-3.6563697,-0.59739804,0.97753143,3.0578415,3.7146912,8.395657,1.7192762,-10.718675,6.0772686,2.9473472,3.4143867,2.002474,1.7613399,1.2036779,1.5075625,7.0938005,3.655932,-0.5120167,-7.1858387,-2.9596224,-2.4118233,-6.0806403,-4.1369457,-2.9061327,-6.7494173,-14.517549,-14.827339,-1.2903708,4.316104,3.6919513,3.1745644,13.219801,11.594589,3.3516874,-1.910922,0.17537308,-8.373458,0.9909754,0.5003467,-1.7007945,-6.3368435,5.939502,4.6096516,-0.8408147,1.7309682,4.975477,2.1089368,-5.972872,-4.620119,-5.03559,-6.5390787,-5.92081,1.2272351,13.384057,13.895731,13.084535,8.252292,5.807914,9.204685,5.3986855,16.867975,18.721272,11.5804,4.0698557,6.211058,0.0,0.0,0.0,0.0,0.0,0.0,0.0,0.0,0.0,0.0,0.0,0.0,0.0,0.0,0.0,0.0,0.0,0.0,0.0,0.0,0.0,0.0,0.0,0.0,0.0,0.0,0.0,0.0,0.0,0.0,0.0,0.0,0.0,0.0,0.0,0.0,0.0,0.0,0.0,0.0,0.0,0.0,0.0,0.0,0.0,0.0,0.0,0.0,0.0,0.0,0.0,0.0,0.0,0.0,0.0,0.0,0.0,0.0,0.0,0.0,0.0,0.0,0.0,0.0,0.0,0.0,0.0,0.0,0.0,0.0,0.0,0.0,0.0,0.0,0.0,0.0,0.0,0.0,0.0,0.0,0.0,0.0,0.0,0.0,0.0,0.0,0.0,0.0,0.0,0.0,0.0,0.0,0.0,0.0,0.0,0.0,0.0,0.0,0.0,0.0,0.0,0.0,0.0,0.0,0.0,0.0,0.0,0.0,0.0,0.0,0.0,0.0,0.0,0.0,0.0,0.0,0.0,0.0,0.0,0.0,0.0,0.0,0.0,0.0,0.0,0.0,0.0,0.0,0.0,0.0,0.0,0.0,0.0,0.0,0.0,0.0,0.0,0.0,0.0,0.0,0.0,0.0,0.0,0.0,0.0,0.0,0.0,0.0,0.0,0.0,0.0,0.0,0.0,0.0,0.0,0.0,0.0,0.0,0.0,0.0,0.0,0.0,0.0,0.0,0.0,0.0,0.0,0.0,0.0,0.0,0.0,0.0,0.0,0.0,0.0,0.0,0.0,0.0,0.0,0.0,0.0,0.0,0.0,0.0,0.0,0.0,0.0,0.0,0.0,0.0,0.0,0.0,0.0,0.0,0.0,0.0,0.0,0.0,0.0,0.0,0.0,0.0,0.0,0.0,0.0,0.0,0.0,0.0,0.0,0.0,0.0,0.0,0.0,0.0,0.0,0.0,0.0,0.0,0.0,0.0,0.0,0.0,0.0,0.0,0.0,0.0,0.0,0.0,0.0,0.0,0.0,0.0,0.0,0.0,0.0,0.0,0.0,0.0,0.0,0.0,0.0,0.0,0.0,0.0,0.0,0.0,0.0,0.0,0.0,0.0,0.0,0.0,0.0,0.0,0.0,0.0,0.0,0.0,0.0,0.0,0.0,0.0,0.0,0.0,0.0,0.0,0.0,0.0,0.0,0.0,0.0,0.0,0.0,0.0,0.0,0.0,0.0,0.0,0.0,0.0,0.0,0.0,0.0,0.0,0.0,0.0,0.0,0.0,0.0,0.0,0.0,0.0,0.0,0.0,0.0,0.0,0.0,0.0,0.0,0.0,0.0,0.0,0.0,0.0,0.0,0.0,0.0,0.0,0.0,0.0,0.0,0.0,0.0,0.0,0.0,0.0,0.0,0.0,0.0,0.0,0.0,0.0,0.0,0.0,0.0,0.0,0.0,0.0,0.0,0.0,0.0,0.0,0.0,0.0,0.0,0.0,0.0,0.0,0.0,0.0,0.0,0.0,0.0,0.0,0.0,0.0
-3.3700833,0.8808145,8.593174,10.790275,4.66771,-5.082877,2.4548302,3.6256542,4.385936,4.82017,4.9277754,6.112323,4.8421364,5.1897116,5.6715016,4.409831,4.0690413,6.007732,5.5878153,24.409624,23.875458,18.146784,10.579687,5.2075615,5.202942,5.6541653,6.944201,10.600956,4.1796856,-0.47501266,3.9029925,9.5463295,13.750029,9.735546,4.6627436,0.90752137,8.696566,10.722947,12.043438,23.360565,23.780373,18.025648,20.299551,7.8714085,13.05891,16.282482,16.146183,5.4758945,-0.12499976,-2.7634969,-0.95426404,1.644263,4.7069364,4.524475,-0.49312916,-0.88352454,3.0773416,14.333069,18.847485,20.62892,8.294933,-1.9534531,0.29790622,9.5832,7.4119897,6.2774982,11.19057,11.573332,9.379853,13.922607,18.85002,18.747204,16.149712,21.102856,14.490525,7.0854964,3.6574347,6.35678,10.962992,13.17605,17.071947,18.008015,16.431927,10.688803,2.2493124,-9.743671,-5.319866,1.9273528,9.779427,9.0399885,7.108441,2.9829764,0.58512753,7.0365057,7.451107,6.8703003,9.481129,10.024336,-0.09754443,6.4694843,1.7645842,2.3808074,3.40356,6.9719424,8.913645,3.3881261,3.736715,8.765741,20.550327,20.818047,7.2638054,10.167544,16.299097,15.728942,12.999184,14.444263,10.07737,5.645104,5.393425,10.545164,11.557949,3.1971934,1.0883881,11.768506,10.018267,4.391795,-4.454142,-5.228264,-5.419297,-1.2947315,13.835651,9.728939,-4.3902855,-10.553538,-14.516417,-11.558218,-9.318112,-7.4631047,-9.855024,-10.446014,-5.7774363,-4.481036,-7.099472,-3.2773275,3.3912625,6.7842503,0.56413454,-7.4467335,-9.345436,-5.585076,-0.81205046,-3.3197322,-10.829661,-7.607931,10.208377,10.1289215,6.704564,12.4451475,9.220325,10.153942,10.6822815,13.710241,9.369074,4.6610723,5.2411203,9.320242,5.658352,10.02803,17.360765,11.422728,1.1067263,-3.1106386,-3.2616262,9.940956,16.35208,13.141516,14.941717,3.407668,-0.8474273,3.3350496,-0.16470996,-4.7008166,-2.0686097,-14.848342,-12.008704,-5.8944325,-4.933859,-8.259777,-9.944209,-3.097979,3.8988225,10.257323,13.490402,10.340283,7.532517,7.473521,10.515959,28.320148,28.152122,25.814262,16.39774,10.43988,12.665318,5.7326956,9.029076,11.002,11.309893,11.829888,10.066579,14.749973,17.519909,10.325294,11.473333,8.367968,-0.4557743,0.9034693,14.178088,19.750063,13.03723,6.552575,1.3376019,12.553232,8.556777,-0.75755405,2.172078,8.792011,-8.9784565,-15.18925,-22.38745,-16.93388,1.9685005,0.23809755,-0.79517186,-3.8027055,-9.292768,-8.313571,-0.21947211,-0.9669703,-5.868702,0.9239359,-0.05584979,-2.8593764,-1.2034705,7.341937,6.8187037,-3.070014,-8.335988,-9.917673,-14.89217,-10.525366,-8.881014,-13.206093,-0.049764514,4.1542025,0.0,0.0,0.0,0.0,0.0,0.0,0.0,0.0,0.0,0.0,0.0,0.0,0.0,0.0,0.0,0.0,0.0,0.0,0.0,0.0,0.0,0.0,0.0,0.0,0.0,0.0,0.0,0.0,0.0,0.0,0.0,0.0,0.0,0.0,0.0,0.0,0.0,0.0,0.0,0.0,0.0,0.0,0.0,0.0,0.0,0.0,0.0,0.0,0.0,0.0,0.0,0.0,0.0,0.0,0.0,0.0,0.0,0.0,0.0,0.0,0.0,0.0,0.0,0.0,0.0,0.0,0.0,0.0,0.0,0.0,0.0,0.0,0.0,0.0,0.0,0.0,0.0,0.0,0.0,0.0,0.0,0.0,0.0,0.0,0.0,0.0,0.0,0.0,0.0,0.0,0.0,0.0,0.0,0.0,0.0,0.0,0.0,0.0,0.0,0.0,0.0,0.0,0.0,0.0,0.0,0.0,0.0,0.0,0.0,0.0,0.0,0.0,0.0,0.0,0.0,0.0,0.0,0.0,0.0,0.0,0.0,0.0,0.0,0.0,0.0,0.0,0.0,0.0,0.0,0.0,0.0,0.0,0.0,0.0,0.0,0.0,0.0,0.0,0.0,0.0,0.0,0.0,0.0,0.0,0.0,0.0,0.0,0.0,0.0,0.0,0.0,0.0,0.0,0.0,0.0,0.0,0.0,0.0,0.0,0.0,0.0,0.0,0.0,0.0,0.0,0.0,0.0,0.0,0.0,0.0,0.0,0.0,0.0,0.0,0.0,0.0,0.0,0.0,0.0,0.0,0.0,0.0,0.0,0.0,0.0,0.0,0.0,0.0,0.0,0.0,0.0,0.0,0.0,0.0,0.0,0.0,0.0,0.0,0.0,0.0,0.0,0.0,0.0,0.0,0.0,0.0,0.0,0.0,0.0,0.0,0.0,0.0,0.0,0.0,0.0,0.0,0.0,0.0,0.0,0.0,0.0,0.0,0.0,0.0,0.0,0.0,0.0,0.0,0.0,0.0,0.0,0.0,0.0,0.0,0.0,0.0,0.0,0.0,0.0,0.0,0.0,0.0,0.0,0.0,0.0,0.0,0.0,0.0,0.0,0.0,0.0,0.0,0.0,0.0,0.0,0.0,0.0,0.0,0.0,0.0,0.0,0.0,0.0,0.0,0.0,0.0,0.0,0.0,0.0,0.0,0.0,0.0,0.0,0.0,0.0,0.0,0.0,0.0,0.0,0.0,0.0,0.0,0.0,0.0,0.0,0.0,0.0,0.0,0.0,0.0,0.0,0.0,0.0,0.0,0.0,0.0,0.0,0.0,0.0,0.0,0.0,0.0,0.0,0.0,0.0,0.0,0.0,0.0,0.0,0.0,0.0,0.0,0.0,0.0,0.0,0.0,0.0,0.0,0.0,0.0,0.0,0.0,0.0,0.0,0.0,0.0,0.0,0.0,0.0,0.0,0.0,0.0,0.0,0.0,0.0,0.0,0.0,0.0,0.0,0.0,0.0,0.0,0.0,0.0,0.0,0.0
3.1448786,5.9842725,9.410938,6.9434314,3.2106342,2.0764596,9.200184,5.0032864,7.6251936,5.7740974,3.2185864,6.807481,10.324599,9.964264,9.315004,8.766421,8.67968,9.15509,7.4005265,-4.253014,-10.798103,-8.02459,-9.103132,-10.475027,-7.2361107,-1.3166618,0.30017728,3.5738559,-1.8823763,-4.236204,-3.718937,-4.9868317,-5.008725,-6.54385,-3.0049236,3.387713,1.3653326,-4.923641,-13.392448,5.986611,20.206047,22.827442,9.636841,10.806303,9.092347,11.3412695,18.699081,3.825644,-7.148732,-1.374192,-1.4794376,3.805231,6.963321,11.874516,10.440628,4.0117826,5.57804,12.153242,7.295151,2.8453045,1.2295479,6.8866396,2.5822153,-7.785257,-15.777033,-25.600353,-21.109402,-5.7755632,3.9542968,5.867681,-1.5922933,-2.4866068,-2.0712092,1.7463241,-2.4459853,-6.5539227,-6.0919943,-8.173238,-5.6197824,-1.4895049,-0.97504896,-1.260521,2.3745599,0.50567573,-9.127023,-17.676008,1.2967696,16.025433,27.41732,24.93132,21.339567,20.159714,10.543521,7.891126,3.9217672,5.1418443,2.9108589,5.0250287,8.226674,11.074851,9.763349,16.31408,6.570451,2.5083742,7.8611784,5.3749533,-1.3541114,6.8298006,13.715355,-3.8340425,-15.74148,-4.3229675,5.933279,3.1000743,-1.814929,-5.3884277,-2.3677325,-1.9360123,2.918058,8.426077,4.521398,-3.471272,1.4362831,2.0881376,-2.303142,2.8117404,8.350286,2.763311,-0.5449319,0.19501033,9.019699,8.619043,11.679237,14.706808,19.917877,23.919277,30.490078,29.632507,22.91781,19.52774,9.5113,2.2318683,3.4508233,5.2257557,4.4682274,9.362497,8.215311,0.83098286,-14.079519,-11.202312,-3.6111887,5.5023575,7.042809,-1.6214578,1.6760638,6.8072157,5.0265236,5.3920865,5.1251764,11.6723175,9.385,4.784477,1.0335114,3.8981671,10.756929,10.496988,7.2491775,7.411143,17.298845,16.718695,10.984369,18.22226,14.290503,18.298105,23.286121,24.91069,32.103928,17.844753,13.481817,24.731853,32.03766,23.775013,24.640606,14.4521675,11.611561,7.870793,3.1401494,-4.043611,6.5630407,17.05258,9.351406,0.41975224,1.6471701,4.168544,-1.4680603,6.4381866,-0.89901847,-3.3971367,-3.354037,-4.8800697,-7.455155,-0.0729233,6.2114882,8.915843,11.615303,12.589216,5.670614,2.9541721,-4.794091,-0.063005984,7.5456905,6.0875216,6.4605703,7.7705665,11.496956,14.57322,9.332335,8.564145,15.311972,0.8826848,4.583969,16.267868,17.337692,12.371766,4.859688,13.1938,-1.4040712,-5.02644,-6.3759503,-1.2438803,10.993227,11.50003,16.509558,17.822414,10.749525,1.3632685,7.9947157,10.848045,8.610154,8.703985,8.70963,2.3072474,-2.5061746,0.8791644,-4.402034,-7.6469064,-6.7143545,-4.3858833,-13.539923,-12.466869,-8.198831,-11.421785,-5.9748135,-1.83076,0.0,0.0,0.0,0.0,0.0,0.0,0.0,0.0,0.0,0.0,0.0,0.0,0.0,0.0,0.0,0.0,0.0,0.0,0.0,0.0,0.0,0.0,0.0,0.0,0.0,0.0,0.0,0.0,0.0,0.0,0.0,0.0,0.0,0.0,0.0,0.0,0.0,0.0,0.0,0.0,0.0,0.0,0.0,0.0,0.0,0.0,0.0,0.0,0.0,0.0,0.0,0.0,0.0,0.0,0.0,0.0,0.0,0.0,0.0,0.0,0.0,0.0,0.0,0.0,0.0,0.0,0.0,0.0,0.0,0.0,0.0,0.0,0.0,0.0,0.0,0.0,0.0,0.0,0.0,0.0,0.0,0.0,0.0,0.0,0.0,0.0,0.0,0.0,0.0,0.0,0.0,0.0,0.0,0.0,0.0,0.0,0.0,0.0,0.0,0.0,0.0,0.0,0.0,0.0,0.0,0.0,0.0,0.0,0.0,0.0,0.0,0.0,0.0,0.0,0.0,0.0,0.0,0.0,0.0,0.0,0.0,0.0,0.0,0.0,0.0,0.0,0.0,0.0,0.0,0.0,0.0,0.0,0.0,0.0,0.0,0.0,0.0,0.0,0.0,0.0,0.0,0.0,0.0,0.0,0.0,0.0,0.0,0.0,0.0,0.0,0.0,0.0,0.0,0.0,0.0,0.0,0.0,0.0,0.0,0.0,0.0,0.0,0.0,0.0,0.0,0.0,0.0,0.0,0.0,0.0,0.0,0.0,0.0,0.0,0.0,0.0,0.0,0.0,0.0,0.0,0.0,0.0,0.0,0.0,0.0,0.0,0.0,0.0,0.0,0.0,0.0,0.0,0.0,0.0,0.0,0.0,0.0,0.0,0.0,0.0,0.0,0.0,0.0,0.0,0.0,0.0,0.0,0.0,0.0,0.0,0.0,0.0,0.0,0.0,0.0,0.0,0.0,0.0,0.0,0.0,0.0,0.0,0.0,0.0,0.0,0.0,0.0,0.0,0.0,0.0,0.0,0.0,0.0,0.0,0.0,0.0,0.0,0.0,0.0,0.0,0.0,0.0,0.0,0.0,0.0,0.0,0.0,0.0,0.0,0.0,0.0,0.0,0.0,0.0,0.0,0.0,0.0,0.0,0.0,0.0,0.0,0.0,0.0,0.0,0.0,0.0,0.0,0.0,0.0,0.0,0.0,0.0,0.0,0.0,0.0,0.0,0.0,0.0,0.0,0.0,0.0,0.0,0.0,0.0,0.0,0.0,0.0,0.0,0.0,0.0,0.0,0.0,0.0,0.0,0.0,0.0,0.0,0.0,0.0,0.0,0.0,0.0,0.0,0.0,0.0,0.0,0.0,0.0,0.0,0.0,0.0,0.0,0.0,0.0,0.0,0.0,0.0,0.0,0.0,0.0,0.0,0.0,0.0,0.0,0.0,0.0,0.0,0.0,0.0,0.0,0.0,0.0,0.0,0.0,0.0,0.0,0.0,0.0,0.0,0.0,0.0,0.0,0.0,0.0,0.0,0.0
9.774038,11.36552,8.203831,-0.0016461015,6.216094,12.270257,13.986057,13.926218,11.737739,4.588111,3.1537786,5.2309637,3.057498,3.672077,9.739105,14.177832,11.015707,10.79735,8.448149,10.750166,10.794371,15.450569,12.066923,12.153905,12.828708,11.545103,11.466534,12.070613,9.322367,4.4407477,3.474907,7.5316486,7.254483,2.9292476,1.5468771,10.470867,11.674016,8.494436,-3.3741636,-1.901911,7.1682625,9.715002,4.71911,9.261868,0.8776171,-9.212965,3.5632772,3.1702015,-8.404235,-3.3674963,2.7162294,4.692993,3.4121706,9.737395,7.830503,5.001788,5.605629,18.302017,18.924995,10.831305,4.502741,9.697975,10.453236,-7.674312,-0.87461305,6.4910955,8.7094755,10.9251795,12.626078,17.255823,13.776032,8.604902,7.042948,6.1890516,5.1338177,3.0027156,-1.3563216,-0.25764227,-3.247404,-1.7393973,8.480259,4.844547,-4.254087,1.6960726,0.86982125,3.0587616,11.465686,8.884309,11.515204,5.274669,-1.8691769,3.1135235,3.413909,-5.03887,-11.961059,-12.071761,-12.540593,-8.861292,-1.662085,4.702391,1.3715687,12.828777,2.503167,-3.6019206,-1.4555714,3.1841726,1.7382917,2.6670856,4.6377387,6.9873505,7.8339486,7.2039614,1.6541224,-2.62769,-1.8402967,-0.6506938,0.12540317,0.24648146,0.47883654,3.6760678,4.0825715,-3.696993,-5.8140063,-5.8940134,-3.6565633,2.3691974,1.3062602,-11.946892,-11.236151,-0.9119482,4.1373014,-0.06392425,-10.382059,-12.556109,-9.885222,4.6234236,10.429569,11.614952,7.635652,5.0604362,-2.0034246,-6.8039966,-6.4912214,-0.62915874,-1.6645626,-1.3518603,3.3195286,7.5164123,9.795824,13.823982,14.480555,21.939045,25.625847,25.60582,13.929668,6.4216137,0.742906,-5.363283,-8.427442,-1.7575772,-1.8576224,-4.0523987,-3.9842477,-2.3515713,-5.775666,-9.191729,-8.27011,-12.05076,-5.9361,3.0984612,6.15014,0.07083523,-9.770723,-8.668255,-2.8458269,2.7336717,-7.7831535,-14.542403,-8.543998,0.6779909,3.8932304,-0.0113123655,-1.8786745,-9.359798,-0.13191551,0.5126085,-5.9796824,-3.764084,9.098519,16.400139,7.725872,0.5193305,-2.5335891,4.497741,2.7246623,7.4430456,13.377919,12.653053,11.587248,5.8896036,6.1925526,10.36705,9.859819,9.188089,-3.5834684,-11.1749525,-4.881729,-3.1537368,-10.246036,-6.063596,-2.44935,-7.7269278,-10.240133,-11.703477,-1.0642226,1.0732776,-3.0976799,1.413802,10.010829,5.821057,0.023133516,-4.404606,-4.052593,-0.13038927,2.359715,3.069303,-2.2729936,-3.0430405,-5.0454383,-1.9089223,-2.2049246,-6.711398,-3.865706,4.058342,-0.24630749,-0.6311345,1.2242209,0.6875372,3.2272005,2.010674,6.3302307,6.663596,-1.4094882,-5.1598573,-4.836622,3.5991073,10.755608,12.535536,8.677298,10.110773,11.612286,5.6862926,-1.0815781,1.926601,0.0,0.0,0.0,0.0,0.0,0.0,0.0,0.0,0.0,0.0,0.0,0.0,0.0,0.0,0.0,0.0,0.0,0.0,0.0,0.0,0.0,0.0,0.0,0.0,0.0,0.0,0.0,0.0,0.0,0.0,0.0,0.0,0.0,0.0,0.0,0.0,0.0,0.0,0.0,0.0,0.0,0.0,0.0,0.0,0.0,0.0,0.0,0.0,0.0,0.0,0.0,0.0,0.0,0.0,0.0,0.0,0.0,0.0,0.0,0.0,0.0,0.0,0.0,0.0,0.0,0.0,0.0,0.0,0.0,0.0,0.0,0.0,0.0,0.0,0.0,0.0,0.0,0.0,0.0,0.0,0.0,0.0,0.0,0.0,0.0,0.0,0.0,0.0,0.0,0.0,0.0,0.0,0.0,0.0,0.0,0.0,0.0,0.0,0.0,0.0,0.0,0.0,0.0,0.0,0.0,0.0,0.0,0.0,0.0,0.0,0.0,0.0,0.0,0.0,0.0,0.0,0.0,0.0,0.0,0.0,0.0,0.0,0.0,0.0,0.0,0.0,0.0,0.0,0.0,0.0,0.0,0.0,0.0,0.0,0.0,0.0,0.0,0.0,0.0,0.0,0.0,0.0,0.0,0.0,0.0,0.0,0.0,0.0,0.0,0.0,0.0,0.0,0.0,0.0,0.0,0.0,0.0,0.0,0.0,0.0,0.0,0.0,0.0,0.0,0.0,0.0,0.0,0.0,0.0,0.0,0.0,0.0,0.0,0.0,0.0,0.0,0.0,0.0,0.0,0.0,0.0,0.0,0.0,0.0,0.0,0.0,0.0,0.0,0.0,0.0,0.0,0.0,0.0,0.0,0.0,0.0,0.0,0.0,0.0,0.0,0.0,0.0,0.0,0.0,0.0,0.0,0.0,0.0,0.0,0.0,0.0,0.0,0.0,0.0,0.0,0.0,0.0,0.0,0.0,0.0,0.0,0.0,0.0,0.0,0.0,0.0,0.0,0.0,0.0,0.0,0.0,0.0,0.0,0.0,0.0,0.0,0.0,0.0,0.0,0.0,0.0,0.0,0.0,0.0,0.0,0.0,0.0,0.0,0.0,0.0,0.0,0.0,0.0,0.0,0.0,0.0,0.0,0.0,0.0,0.0,0.0,0.0,0.0,0.0,0.0,0.0,0.0,0.0,0.0,0.0,0.0,0.0,0.0,0.0,0.0,0.0,0.0,0.0,0.0,0.0,0.0,0.0,0.0,0.0,0.0,0.0,0.0,0.0,0.0,0.0,0.0,0.0,0.0,0.0,0.0,0.0,0.0,0.0,0.0,0.0,0.0,0.0,0.0,0.0,0.0,0.0,0.0,0.0,0.0,0.0,0.0,0.0,0.0,0.0,0.0,0.0,0.0,0.0,0.0,0.0,0.0,0.0,0.0,0.0,0.0,0.0,0.0,0.0,0.0,0.0,0.0,0.0,0.0,0.0,0.0,0.0,0.0,0.0,0.0,0.0,0.0,0.0,0.0,0.0,0.0,0.0
9.808693,13.818436,5.641871,-4.0774703,7.217187,16.898851,12.830537,15.623885,14.137552,7.941647,4.938669,1.8985896,3.8183937,4.1098595,8.355214,9.805346,8.499674,7.3338003,4.8705635,5.0862484,5.045758,8.083008,-0.048719354,-1.1062028,0.6009276,-2.5542078,-3.8805315,0.7453555,4.0130777,1.424298,4.264805,7.690991,5.2867413,-3.078032,-10.480124,-4.981678,0.96977663,4.1376634,-3.9629006,-10.868846,-11.489748,-5.7339973,5.934782,10.520098,-1.3054985,-8.983065,-4.2943864,-0.20928252,-6.292889,-3.6172547,-1.470521,-7.1234255,-8.089443,2.584328,2.5516684,0.69901854,0.3263601,5.886736,5.9084387,4.3557515,6.907344,5.5147715,11.0270605,1.8462884,-6.6930413,-8.124733,-3.2374,-3.1046364,-8.956567,-5.466627,-5.0664415,-9.793696,-10.345313,-10.758154,-4.877491,-3.3841832,-6.9298615,-10.146486,-7.2703714,-9.99534,-4.7044306,-1.0037267,-8.009325,-5.5873976,5.460842,11.170833,7.0051403,-0.721577,-10.475568,-17.52103,-14.8286295,-13.449404,-7.4312305,-2.8773534,-2.4258847,-8.490537,-8.61367,-9.792801,-18.9239,-19.415451,-12.332642,2.9797688,-2.0356011,-2.9079156,-2.83868,5.851941,3.9174943,2.706974,-1.5782903,-0.6993227,-8.770763,-6.547913,-3.8722968,1.4050074,4.371981,3.3724098,-1.8962028,-2.6982675,-5.810356,-0.48439586,3.00062,2.217598,3.228331,4.6039805,10.441484,7.0698814,4.389513,1.7259275,-2.5113654,5.556554,4.058339,-0.3281687,-0.75657105,0.51662374,3.845967,7.1325865,-4.613704,-10.689972,-13.515378,-17.199999,-14.289282,-10.847149,-5.3938465,1.5777644,-2.5886784,-6.4415293,-1.7561147,3.6864204,11.933326,17.893173,16.138203,14.389404,13.275251,8.5992565,0.19964787,-1.6215445,2.0219197,4.7947965,2.403197,5.95364,7.3083987,5.96506,1.3755679,7.738382,11.047726,8.667089,11.773442,6.7899714,2.769787,9.719312,10.2750435,1.4698677,2.0171316,-1.0975163,-4.692522,-1.4471825,-8.237268,-9.880391,10.315527,19.155142,7.679322,0.017246962,-5.0070815,-4.0223346,-3.4499235,0.90108585,-3.580108,-2.5805514,2.5970447,10.226822,6.6936045,-4.73588,-0.82463014,9.810715,12.458393,11.042604,1.1647426,-1.1084423,1.4102788,-2.0399065,-0.7138724,-3.8243558,0.5893816,1.5266044,-4.534615,-1.5443904,3.1336398,3.8504903,5.237339,8.525272,5.3384485,-0.5024826,0.6978197,1.8249161,7.877758,8.88453,9.819208,10.256342,6.7323494,9.665721,7.777602,0.4407853,2.0801706,-3.3906655,-2.02723,-0.89480126,-3.4401975,-4.2890263,-4.9085712,10.36698,-2.5529773,-6.5752897,-7.356407,-9.880682,-11.254469,-1.4365714,-0.86164725,-9.5866,-0.6473813,6.4092474,4.9294934,6.7352853,2.4782593,-1.546598,3.402941,10.93771,16.184546,15.764254,18.266922,14.64292,7.3785295,4.0978208,2.0252614,9.858705,0.0,0.0,0.0,0.0,0.0,0.0,0.0,0.0,0.0,0.0,0.0,0.0,0.0,0.0,0.0,0.0,0.0,0.0,0.0,0.0,0.0,0.0,0.0,0.0,0.0,0.0,0.0,0.0,0.0,0.0,0.0,0.0,0.0,0.0,0.0,0.0,0.0,0.0,0.0,0.0,0.0,0.0,0.0,0.0,0.0,0.0,0.0,0.0,0.0,0.0,0.0,0.0,0.0,0.0,0.0,0.0,0.0,0.0,0.0,0.0,0.0,0.0,0.0,0.0,0.0,0.0,0.0,0.0,0.0,0.0,0.0,0.0,0.0,0.0,0.0,0.0,0.0,0.0,0.0,0.0,0.0,0.0,0.0,0.0,0.0,0.0,0.0,0.0,0.0,0.0,0.0,0.0,0.0,0.0,0.0,0.0,0.0,0.0,0.0,0.0,0.0,0.0,0.0,0.0,0.0,0.0,0.0,0.0,0.0,0.0,0.0,0.0,0.0,0.0,0.0,0.0,0.0,0.0,0.0,0.0,0.0,0.0,0.0,0.0,0.0,0.0,0.0,0.0,0.0,0.0,0.0,0.0,0.0,0.0,0.0,0.0,0.0,0.0,0.0,0.0,0.0,0.0,0.0,0.0,0.0,0.0,0.0,0.0,0.0,0.0,0.0,0.0,0.0,0.0,0.0,0.0,0.0,0.0,0.0,0.0,0.0,0.0,0.0,0.0,0.0,0.0,0.0,0.0,0.0,0.0,0.0,0.0,0.0,0.0,0.0,0.0,0.0,0.0,0.0,0.0,0.0,0.0,0.0,0.0,0.0,0.0,0.0,0.0,0.0,0.0,0.0,0.0,0.0,0.0,0.0,0.0,0.0,0.0,0.0,0.0,0.0,0.0,0.0,0.0,0.0,0.0,0.0,0.0,0.0,0.0,0.0,0.0,0.0,0.0,0.0,0.0,0.0,0.0,0.0,0.0,0.0,0.0,0.0,0.0,0.0,0.0,0.0,0.0,0.0,0.0,0.0,0.0,0.0,0.0,0.0,0.0,0.0,0.0,0.0,0.0,0.0,0.0,0.0,0.0,0.0,0.0,0.0,0.0,0.0,0.0,0.0,0.0,0.0,0.0,0.0,0.0,0.0,0.0,0.0,0.0,0.0,0.0,0.0,0.0,0.0,0.0,0.0,0.0,0.0,0.0,0.0,0.0,0.0,0.0,0.0,0.0,0.0,0.0,0.0,0.0,0.0,0.0,0.0,0.0,0.0,0.0,0.0,0.0,0.0,0.0,0.0,0.0,0.0,0.0,0.0,0.0,0.0,0.0,0.0,0.0,0.0,0.0,0.0,0.0,0.0,0.0,0.0,0.0,0.0,0.0,0.0,0.0,0.0,0.0,0.0,0.0,0.0,0.0,0.0,0.0,0.0,0.0,0.0,0.0,0.0,0.0,0.0,0.0,0.0,0.0,0.0,0.0,0.0,0.0,0.0,0.0,0.0,0.0,0.0,0.0,0.0,0.0,0.0,0.0,0.0,0.0
6.916671,8.752649,2.2620869,-1.3342311,2.0903254,2.810653,0.15734392,10.459328,14.182567,12.555701,8.922114,3.2977715,2.6943336,-1.4036388,-2.276995,-1.0809598,6.5669303,2.4257696,2.8271966,16.208092,23.160448,18.87497,7.1535635,9.455557,7.600275,4.34616,4.0883665,4.074374,7.397194,7.6387987,7.4048705,3.9066398,7.1085153,9.276334,2.0599303,4.642956,16.962261,19.083721,21.892029,19.395573,17.682932,13.574953,16.399311,27.349606,24.083235,24.517593,20.771114,22.143291,18.20557,20.205994,25.676281,20.13358,13.09679,14.88521,12.739183,20.182682,19.37785,13.933736,5.198105,6.0981684,16.406113,10.1813545,7.6478043,3.0529785,13.016726,15.692681,12.105723,11.694044,10.341797,11.297774,10.866774,8.778625,10.64426,10.224361,15.185384,13.023981,8.887766,9.177618,14.900839,15.005646,14.640313,16.681215,21.025637,18.362236,27.578608,26.986652,8.749758,9.173471,1.6727376,-2.034919,4.7106776,9.183431,14.55491,25.623482,32.554855,24.059471,17.993961,11.720163,4.489909,7.4030347,10.860317,16.074081,12.295031,12.085323,5.3380346,2.772952,-0.33450472,-4.763466,11.4772,19.730602,2.9895399,1.0095482,-1.3659067,-2.2646465,5.690225,6.8553944,0.74211717,1.9131619,4.67371,7.8593273,8.395489,5.562381,3.118349,-0.7574986,-4.8576565,-0.16333646,8.123619,13.577372,4.4922614,7.8345785,4.1498103,2.3658314,9.144661,16.307543,14.308475,16.68164,14.478711,21.142153,25.58616,21.727127,19.170033,24.991564,28.428772,24.784706,16.709293,14.593128,17.191172,11.136404,7.048277,11.719677,4.7538633,2.1581333,-3.4475,5.571984,10.954338,13.663857,18.862713,12.926901,5.263811,5.4550667,13.177462,4.5279484,-0.47301164,6.2888975,15.910615,19.35239,25.369373,22.187386,6.703372,-3.9994586,-8.536221,-13.906637,-2.3326924,1.438791,-1.1311045,2.434826,4.6170883,15.510958,24.990942,26.613646,19.207607,18.656631,12.295717,10.663501,7.4628024,10.761602,14.508323,13.635004,10.65299,8.469011,2.351126,-1.2754421,0.37081707,4.5045857,11.190088,10.606293,-2.3740015,1.067297,6.886633,0.6276992,-0.47625095,7.068841,13.803304,12.92104,5.1742444,5.3759594,2.7197309,8.905888,7.8472447,7.6406384,7.306163,0.6109075,-2.9022458,-1.2711697,4.9248724,4.2640257,3.9749715,7.1581244,6.263527,15.786697,11.993399,3.8024058,13.325929,8.424995,4.944005,-0.11029023,0.38761008,2.0490878,7.3667784,19.391811,15.338719,21.424551,21.798439,25.661587,19.671373,24.15699,25.016884,17.467003,17.185562,15.551817,5.7206674,6.0369806,6.3237596,0.31401515,5.2015123,14.937864,19.026663,14.47351,11.562895,6.1606684,1.4744408,1.7397074,7.375208,11.596355,0.0,0.0,0.0,0.0,0.0,0.0,0.0,0.0,0.0,0.0,0.0,0.0,0.0,0.0,0.0,0.0,0.0,0.0,0.0,0.0,0.0,0.0,0.0,0.0,0.0,0.0,0.0,0.0,0.0,0.0,0.0,0.0,0.0,0.0,0.0,0.0,0.0,0.0,0.0,0.0,0.0,0.0,0.0,0.0,0.0,0.0,0.0,0.0,0.0,0.0,0.0,0.0,0.0,0.0,0.0,0.0,0.0,0.0,0.0,0.0,0.0,0.0,0.0,0.0,0.0,0.0,0.0,0.0,0.0,0.0,0.0,0.0,0.0,0.0,0.0,0.0,0.0,0.0,0.0,0.0,0.0,0.0,0.0,0.0,0.0,0.0,0.0,0.0,0.0,0.0,0.0,0.0,0.0,0.0,0.0,0.0,0.0,0.0,0.0,0.0,0.0,0.0,0.0,0.0,0.0,0.0,0.0,0.0,0.0,0.0,0.0,0.0,0.0,0.0,0.0,0.0,0.0,0.0,0.0,0.0,0.0,0.0,0.0,0.0,0.0,0.0,0.0,0.0,0.0,0.0,0.0,0.0,0.0,0.0,0.0,0.0,0.0,0.0,0.0,0.0,0.0,0.0,0.0,0.0,0.0,0.0,0.0,0.0,0.0,0.0,0.0,0.0,0.0,0.0,0.0,0.0,0.0,0.0,0.0,0.0,0.0,0.0,0.0,0.0,0.0,0.0,0.0,0.0,0.0,0.0,0.0,0.0,0.0,0.0,0.0,0.0,0.0,0.0,0.0,0.0,0.0,0.0,0.0,0.0,0.0,0.0,0.0,0.0,0.0,0.0,0.0,0.0,0.0,0.0,0.0,0.0,0.0,0.0,0.0,0.0,0.0,0.0,0.0,0.0,0.0,0.0,0.0,0.0,0.0,0.0,0.0,0.0,0.0,0.0,0.0,0.0,0.0,0.0,0.0,0.0,0.0,0.0,0.0,0.0,0.0,0.0,0.0,0.0,0.0,0.0,0.0,0.0,0.0,0.0,0.0,0.0,0.0,0.0,0.0,0.0,0.0,0.0,0.0,0.0,0.0,0.0,0.0,0.0,0.0,0.0,0.0,0.0,0.0,0.0,0.0,0.0,0.0,0.0,0.0,0.0,0.0,0.0,0.0,0.0,0.0,0.0,0.0,0.0,0.0,0.0,0.0,0.0,0.0,0.0,0.0,0.0,0.0,0.0,0.0,0.0,0.0,0.0,0.0,0.0,0.0,0.0,0.0,0.0,0.0,0.0,0.0,0.0,0.0,0.0,0.0,0.0,0.0,0.0,0.0,0.0,0.0,0.0,0.0,0.0,0.0,0.0,0.0,0.0,0.0,0.0,0.0,0.0,0.0,0.0,0.0,0.0,0.0,0.0,0.0,0.0,0.0,0.0,0.0,0.0,0.0,0.0,0.0,0.0,0.0,0.0,0.0,0.0,0.0,0.0,0.0,0.0,0.0,0.0,0.0,0.0,0.0,0.0,0.0,0.0,0.0,0.0
6.6156406,11.038679,10.69087,9.36006,1.1636596,-1.6358676,-3.3552403,5.350045,11.533075,16.990301,13.956727,5.6233873,3.01077,2.486304,0.3944415,-4.760833,2.8384914,8.255161,5.632456,2.963747,5.488945,3.0473647,3.1398153,3.157414,-1.9350947,-2.100124,-0.49870044,-1.1122135,3.26573,8.759448,8.114926,-0.41098642,-4.290937,3.490622,9.535397,7.5304174,6.818228,7.5151625,2.5229506,0.928555,-4.684773,-5.9185085,-2.648525,4.0058064,2.9504895,3.4113255,-1.8350569,-0.11207628,-3.3975003,-0.12381923,3.3550215,1.0381634,-2.983161,-4.0634212,0.008800626,3.990014,4.270854,3.2818751,-3.9491434,-4.358178,7.5094986,8.59041,3.0161448,1.1559032,14.630692,11.247639,6.0722184,2.6769404,-0.06758261,-1.8091873,2.3858674,-0.5112623,-0.7397513,-3.476154,0.16396612,5.6365523,1.8638046,0.38158298,0.91582596,2.6790786,1.1182483,-0.026482493,2.0928197,-3.6720414,-3.3806472,5.8815494,5.6175895,19.893253,10.314663,-2.2233644,-9.097691,-11.409584,-4.7082157,-0.15800308,3.0659535,0.032483816,-0.351426,9.824642,13.902933,2.284288,4.880971,8.4300165,-2.8635736,-3.6404643,-7.794114,-10.819781,-0.37504852,-4.8555584,6.9783196,11.559126,10.770025,-2.7675788,-7.4779725,-4.9100847,0.07050457,-0.024212867,3.517426,-0.40703404,-2.299918,1.9380485,-0.98412037,-4.493923,-6.432184,-7.784206,-9.204637,4.7367916,15.616542,19.625519,7.793668,3.0940003,-0.14935905,4.006185,10.11471,10.516368,7.921902,8.346485,7.5054893,8.917257,7.1761656,2.5864358,-0.98278546,4.380825,1.5538383,2.8774252,6.1625786,10.607563,12.364386,9.906039,5.2055135,8.275999,2.597437,0.78499734,0.2968498,5.3410683,10.741305,1.7056009,-0.5939893,4.086282,0.49729097,-7.990794,4.4868855,4.6925282,0.41312283,-0.76000476,3.5143414,3.5215294,4.8703876,11.270723,13.499987,2.9666238,-1.032033,6.5580616,18.13183,20.19833,7.003134,0.6687763,9.027567,13.3976345,-1.2797067,-6.2863674,-2.077735,-0.4196478,-5.085659,-5.9021473,6.256013,4.271085,8.134827,8.33856,5.356015,3.8090158,2.8945043,1.7773969,-1.3307092,-1.3833138,4.050893,4.6032085,13.703455,10.525359,9.565366,0.9255308,-6.288637,-10.349115,-8.139437,-4.5587087,-6.4720917,-3.3582883,3.8873112,0.77094454,-11.489302,-11.998143,-6.724634,-0.92189837,5.83908,8.990082,18.583956,21.930311,13.958193,7.1192217,-0.41177222,4.161601,8.129862,6.295688,11.131893,13.245789,8.342671,0.86749744,3.976396,3.2923694,3.3247683,0.022550344,2.6464574,0.3102642,3.4164858,15.079636,4.1230145,4.499984,8.237986,10.557516,11.707332,10.700424,7.0869017,8.190275,9.502905,5.7572117,3.55526,9.527384,14.165485,15.55749,9.851482,4.064386,1.6334472,4.1289406,13.857275,14.859532,0.0,0.0,0.0,0.0,0.0,0.0,0.0,0.0,0.0,0.0,0.0,0.0,0.0,0.0,0.0,0.0,0.0,0.0,0.0,0.0,0.0,0.0,0.0,0.0,0.0,0.0,0.0,0.0,0.0,0.0,0.0,0.0,0.0,0.0,0.0,0.0,0.0,0.0,0.0,0.0,0.0,0.0,0.0,0.0,0.0,0.0,0.0,0.0,0.0,0.0,0.0,0.0,0.0,0.0,0.0,0.0,0.0,0.0,0.0,0.0,0.0,0.0,0.0,0.0,0.0,0.0,0.0,0.0,0.0,0.0,0.0,0.0,0.0,0.0,0.0,0.0,0.0,0.0,0.0,0.0,0.0,0.0,0.0,0.0,0.0,0.0,0.0,0.0,0.0,0.0,0.0,0.0,0.0,0.0,0.0,0.0,0.0,0.0,0.0,0.0,0.0,0.0,0.0,0.0,0.0,0.0,0.0,0.0,0.0,0.0,0.0,0.0,0.0,0.0,0.0,0.0,0.0,0.0,0.0,0.0,0.0,0.0,0.0,0.0,0.0,0.0,0.0,0.0,0.0,0.0,0.0,0.0,0.0,0.0,0.0,0.0,0.0,0.0,0.0,0.0,0.0,0.0,0.0,0.0,0.0,0.0,0.0,0.0,0.0,0.0,0.0,0.0,0.0,0.0,0.0,0.0,0.0,0.0,0.0,0.0,0.0,0.0,0.0,0.0,0.0,0.0,0.0,0.0,0.0,0.0,0.0,0.0,0.0,0.0,0.0,0.0,0.0,0.0,0.0,0.0,0.0,0.0,0.0,0.0,0.0,0.0,0.0,0.0,0.0,0.0,0.0,0.0,0.0,0.0,0.0,0.0,0.0,0.0,0.0,0.0,0.0,0.0,0.0,0.0,0.0,0.0,0.0,0.0,0.0,0.0,0.0,0.0,0.0,0.0,0.0,0.0,0.0,0.0,0.0,0.0,0.0,0.0,0.0,0.0,0.0,0.0,0.0,0.0,0.0,0.0,0.0,0.0,0.0,0.0,0.0,0.0,0.0,0.0,0.0,0.0,0.0,0.0,0.0,0.0,0.0,0.0,0.0,0.0,0.0,0.0,0.0,0.0,0.0,0.0,0.0,0.0,0.0,0.0,0.0,0.0,0.0,0.0,0.0,0.0,0.0,0.0,0.0,0.0,0.0,0.0,0.0,0.0,0.0,0.0,0.0,0.0,0.0,0.0,0.0,0.0,0.0,0.0,0.0,0.0,0.0,0.0,0.0,0.0,0.0,0.0,0.0,0.0,0.0,0.0,0.0,0.0,0.0,0.0,0.0,0.0,0.0,0.0,0.0,0.0,0.0,0.0,0.0,0.0,0.0,0.0,0.0,0.0,0.0,0.0,0.0,0.0,0.0,0.0,0.0,0.0,0.0,0.0,0.0,0.0,0.0,0.0,0.0,0.0,0.0,0.0,0.0,0.0,0.0,0.0,0.0,0.0,0.0,0.0,0.0,0.0,0.0,0.0,0.0,0.0,0.0,0.0
5.5915356,9.915293,5.8379345,3.7777874,7.417881,6.133502,0.8743342,3.136432,4.911254,9.007558,14.400125,3.843142,2.5408096,7.824108,3.2461674,-0.67865527,4.9065447,7.1159654,5.0028324,-3.1250844,4.984395,7.276831,8.584341,7.1089125,5.1559114,5.247921,9.171395,11.191162,14.001282,17.706253,17.09032,7.335612,-3.8912027,-0.10436481,11.164143,10.271812,6.110754,-2.3656466,-10.44792,-7.150383,-12.020349,-9.696861,3.4337182,8.0799675,7.0111756,7.417016,10.7824135,11.974335,10.150606,11.352237,6.2255735,5.959379,1.3830373,-0.7825093,4.214048,9.692108,8.716652,13.433893,10.073751,3.9508793,0.6113763,8.246726,6.2257853,3.1688225,-0.49390978,1.1172493,7.112836,12.16011,16.050507,4.605932,3.9530573,3.7511253,-2.0828576,-4.3031754,1.3225154,7.719434,3.360238,4.4871273,9.14,6.2401867,2.4508154,1.8664982,-2.4182818,-5.1394234,-10.694189,-4.6567454,0.7861024,0.5709653,0.10884057,8.122374,15.261018,17.467743,13.767881,4.6149893,-1.0093582,-0.074775875,4.530981,11.159243,11.605974,-5.7777157,4.535386,8.153132,-3.3046443,-7.319395,-10.541056,-9.418526,0.11983991,3.306522,6.9573426,3.910061,14.585547,9.099189,8.026898,1.0913743,5.1956034,4.2703505,9.140499,4.913101,2.9869227,4.1544285,0.6692311,5.5408077,-2.5772772,-4.9317966,6.2103376,16.561214,18.830072,18.446806,5.2801332,1.8731406,-1.8616624,-2.7560258,4.1017814,4.7755356,4.328829,8.94065,10.520288,8.406366,8.583147,-2.0302422,-9.196009,-5.9956427,-1.7118711,-5.303808,-5.9864764,-2.9841728,-4.42068,-3.6694112,1.2313014,3.4935615,5.590028,6.9394426,5.9614077,5.545344,-4.001902,-5.2327228,0.00681448,9.82497,16.379942,13.648083,19.316307,19.90007,15.766702,6.763974,2.2347825,-4.4083824,-0.7579739,9.050976,12.193687,8.647635,12.045324,14.577014,10.513984,7.2188587,-1.1597706,-2.6111834,1.909541,2.7756732,6.4069934,5.611371,11.506383,14.831619,9.4201565,6.0205083,0.1551989,-2.246885,-1.6544456,-5.258419,-7.0840178,-3.9071562,4.7423816,4.802158,-5.3898067,-5.1036053,-0.17429775,0.70915294,-0.7996094,-3.7562602,3.7154963,9.104858,12.780167,11.011978,9.885653,8.358384,8.653622,15.246446,24.770775,21.494469,13.578079,11.6276,8.124738,10.65596,8.951108,8.558659,10.581741,10.189608,8.056868,-4.6024966,-3.8005443,-13.610113,-12.378468,-12.217236,-1.535103,8.238184,6.1651573,2.3783836,4.972509,2.9995615,-1.0552657,-5.2992926,1.479399,-2.7588305,-0.6825142,6.89211,-0.34228802,0.12700772,2.4149063,-1.5872859,-0.9888554,4.7412825,10.418294,10.91511,9.14286,4.7486258,3.8889916,5.883156,1.3701568,5.334512,9.409056,5.741744,-0.26859486,4.624383,18.225315,17.902538,0.0,0.0,0.0,0.0,0.0,0.0,0.0,0.0,0.0,0.0,0.0,0.0,0.0,0.0,0.0,0.0,0.0,0.0,0.0,0.0,0.0,0.0,0.0,0.0,0.0,0.0,0.0,0.0,0.0,0.0,0.0,0.0,0.0,0.0,0.0,0.0,0.0,0.0,0.0,0.0,0.0,0.0,0.0,0.0,0.0,0.0,0.0,0.0,0.0,0.0,0.0,0.0,0.0,0.0,0.0,0.0,0.0,0.0,0.0,0.0,0.0,0.0,0.0,0.0,0.0,0.0,0.0,0.0,0.0,0.0,0.0,0.0,0.0,0.0,0.0,0.0,0.0,0.0,0.0,0.0,0.0,0.0,0.0,0.0,0.0,0.0,0.0,0.0,0.0,0.0,0.0,0.0,0.0,0.0,0.0,0.0,0.0,0.0,0.0,0.0,0.0,0.0,0.0,0.0,0.0,0.0,0.0,0.0,0.0,0.0,0.0,0.0,0.0,0.0,0.0,0.0,0.0,0.0,0.0,0.0,0.0,0.0,0.0,0.0,0.0,0.0,0.0,0.0,0.0,0.0,0.0,0.0,0.0,0.0,0.0,0.0,0.0,0.0,0.0,0.0,0.0,0.0,0.0,0.0,0.0,0.0,0.0,0.0,0.0,0.0,0.0,0.0,0.0,0.0,0.0,0.0,0.0,0.0,0.0,0.0,0.0,0.0,0.0,0.0,0.0,0.0,0.0,0.0,0.0,0.0,0.0,0.0,0.0,0.0,0.0,0.0,0.0,0.0,0.0,0.0,0.0,0.0,0.0,0.0,0.0,0.0,0.0,0.0,0.0,0.0,0.0,0.0,0.0,0.0,0.0,0.0,0.0,0.0,0.0,0.0,0.0,0.0,0.0,0.0,0.0,0.0,0.0,0.0,0.0,0.0,0.0,0.0,0.0,0.0,0.0,0.0,0.0,0.0,0.0,0.0,0.0,0.0,0.0,0.0,0.0,0.0,0.0,0.0,0.0,0.0,0.0,0.0,0.0,0.0,0.0,0.0,0.0,0.0,0.0,0.0,0.0,0.0,0.0,0.0,0.0,0.0,0.0,0.0,0.0,0.0,0.0,0.0,0.0,0.0,0.0,0.0,0.0,0.0,0.0,0.0,0.0,0.0,0.0,0.0,0.0,0.0,0.0,0.0,0.0,0.0,0.0,0.0,0.0,0.0,0.0,0.0,0.0,0.0,0.0,0.0,0.0,0.0,0.0,0.0,0.0,0.0,0.0,0.0,0.0,0.0,0.0,0.0,0.0,0.0,0.0,0.0,0.0,0.0,0.0,0.0,0.0,0.0,0.0,0.0,0.0,0.0,0.0,0.0,0.0,0.0,0.0,0.0,0.0,0.0,0.0,0.0,0.0,0.0,0.0,0.0,0.0,0.0,0.0,0.0,0.0,0.0,0.0,0.0,0.0,0.0,0.0,0.0,0.0,0.0,0.0,0.0,0.0,0.0,0.0,0.0,0.0,0.0,0.0,0.0,0.0,0.0
1.3213893,-1.2403156,-5.953549,-4.6978335,3.9497862,4.957613,4.517131,5.146616,1.3660504,4.0339394,11.219995,-2.0200624,-2.457514,9.743433,13.024359,7.919003,0.13166139,-0.47348613,4.725006,-4.7089553,-2.3562312,2.8545275,-4.1464047,-7.7192373,-3.9799533,-2.9609926,-5.8930435,-6.088246,-1.8722807,2.2950795,0.34500283,-11.311197,-11.416684,-2.8318417,-0.11702955,-1.2692058,-1.5237572,-5.3550158,-6.224538,-2.2604983,-4.3976245,-4.8753357,-5.4147897,-7.8243446,-3.1110733,-0.7565074,-6.987072,-8.913734,-15.267555,-12.165899,-8.165683,-5.0740743,-3.9758077,-3.7757082,1.1560391,6.519344,2.1886508,1.4577438,5.033285,6.082919,6.24184,10.787748,7.679823,-0.43073177,-9.26058,-12.177336,-13.578289,-16.246801,-6.992527,-11.110905,-14.18708,-13.426451,-12.245338,-8.339932,-3.2739656,0.64945924,-5.552755,-7.2675686,-3.9870195,-3.423831,-2.0069528,2.133682,2.5780506,4.947645,0.116663694,3.2106662,16.339998,11.4040165,3.3862705,2.0232325,-3.7186503,-7.198752,-12.068701,-16.47892,-17.98939,-11.264766,-5.537386,-4.1571727,7.243149,1.3198653,6.9969797,3.5814729,-1.7306068,-1.9339837,-1.9534675,0.9611435,-1.719981,1.291926,5.4135327,2.5465364,-0.013073802,-5.407407,-2.6492949,-3.5032783,-2.489972,-3.7631361,-0.42679122,3.4283714,7.134611,5.4104757,-3.2824707,6.4906354,12.797106,13.870188,21.834763,11.475638,-0.49294433,0.46782964,5.697961,2.2420788,4.4896483,6.309614,15.89996,8.832987,2.3652892,1.2918341,-7.3755884,-14.551867,-3.8786855,-5.0142236,-6.7560387,2.571261,10.373407,7.4560995,5.845209,2.4436822,1.3851625,-4.004146,-7.231471,-9.408138,-5.6797504,-3.866086,-0.9877377,-5.98598,-7.862808,-1.0263679,-0.89721954,-6.58542,-5.072489,-4.020303,6.037225,8.11976,-2.7623293,-7.3313274,-4.960143,-6.734423,0.88514674,0.07596117,-0.35240912,5.649246,1.494879,-5.306507,-3.2532127,3.242536,8.00761,4.3004055,-2.7479112,-12.231869,-6.34454,-8.023706,-9.383505,-2.6765108,-2.2280757,4.3097258,1.6739708,-3.9837544,-0.8523508,-0.33401674,0.24853557,2.9225216,8.683952,13.198014,7.555069,0.9188979,0.6018851,-2.4438515,5.9253464,3.660737,2.9961748,-5.3457775,-9.066766,-8.142398,-8.628716,-14.031379,-16.643599,-10.0230465,-5.126253,-0.29194045,3.9455626,1.97981,-0.7999592,1.661436,2.4598284,-2.9885635,-2.0823874,-7.3819885,-2.8304582,-0.2347703,-0.2797401,0.4261074,0.8174368,-5.505216,-7.1026454,-5.956459,-9.466082,0.5289934,0.9249226,1.197788,5.1288614,15.332594,10.125798,6.505495,11.855344,20.569016,17.10082,13.2147255,14.773424,7.945356,2.514227,6.0596414,10.262054,7.630793,3.8989432,-5.051339,-3.2306995,-2.861241,-7.972148,-8.416041,-2.8291605,0.8458092,-2.306715,0.30061254,9.4216175,17.083807,0.0,0.0,0.0,0.0,0.0,0.0,0.0,0.0,0.0,0.0,0.0,0.0,0.0,0.0,0.0,0.0,0.0,0.0,0.0,0.0,0.0,0.0,0.0,0.0,0.0,0.0,0.0,0.0,0.0,0.0,0.0,0.0,0.0,0.0,0.0,0.0,0.0,0.0,0.0,0.0,0.0,0.0,0.0,0.0,0.0,0.0,0.0,0.0,0.0,0.0,0.0,0.0,0.0,0.0,0.0,0.0,0.0,0.0,0.0,0.0,0.0,0.0,0.0,0.0,0.0,0.0,0.0,0.0,0.0,0.0,0.0,0.0,0.0,0.0,0.0,0.0,0.0,0.0,0.0,0.0,0.0,0.0,0.0,0.0,0.0,0.0,0.0,0.0,0.0,0.0,0.0,0.0,0.0,0.0,0.0,0.0,0.0,0.0,0.0,0.0,0.0,0.0,0.0,0.0,0.0,0.0,0.0,0.0,0.0,0.0,0.0,0.0,0.0,0.0,0.0,0.0,0.0,0.0,0.0,0.0,0.0,0.0,0.0,0.0,0.0,0.0,0.0,0.0,0.0,0.0,0.0,0.0,0.0,0.0,0.0,0.0,0.0,0.0,0.0,0.0,0.0,0.0,0.0,0.0,0.0,0.0,0.0,0.0,0.0,0.0,0.0,0.0,0.0,0.0,0.0,0.0,0.0,0.0,0.0,0.0,0.0,0.0,0.0,0.0,0.0,0.0,0.0,0.0,0.0,0.0,0.0,0.0,0.0,0.0,0.0,0.0,0.0,0.0,0.0,0.0,0.0,0.0,0.0,0.0,0.0,0.0,0.0,0.0,0.0,0.0,0.0,0.0,0.0,0.0,0.0,0.0,0.0,0.0,0.0,0.0,0.0,0.0,0.0,0.0,0.0,0.0,0.0,0.0,0.0,0.0,0.0,0.0,0.0,0.0,0.0,0.0,0.0,0.0,0.0,0.0,0.0,0.0,0.0,0.0,0.0,0.0,0.0,0.0,0.0,0.0,0.0,0.0,0.0,0.0,0.0,0.0,0.0,0.0,0.0,0.0,0.0,0.0,0.0,0.0,0.0,0.0,0.0,0.0,0.0,0.0,0.0,0.0,0.0,0.0,0.0,0.0,0.0,0.0,0.0,0.0,0.0,0.0,0.0,0.0,0.0,0.0,0.0,0.0,0.0,0.0,0.0,0.0,0.0,0.0,0.0,0.0,0.0,0.0,0.0,0.0,0.0,0.0,0.0,0.0,0.0,0.0,0.0,0.0,0.0,0.0,0.0,0.0,0.0,0.0,0.0,0.0,0.0,0.0,0.0,0.0,0.0,0.0,0.0,0.0,0.0,0.0,0.0,0.0,0.0,0.0,0.0,0.0,0.0,0.0,0.0,0.0,0.0,0.0,0.0,0.0,0.0,0.0,0.0,0.0,0.0,0.0,0.0,0.0,0.0,0.0,0.0,0.0,0.0,0.0,0.0,0.0,0.0,0.0,0.0,0.0,0.0,0.0,0.0,0.0,0.0,0.0
-1.5515223,-7.2692184,-3.2058687,2.0324483,2.162157,4.883686,6.0010295,4.6053495,2.5294511,0.18460703,-2.4922857,-3.9324107,0.8780588,6.4417963,6.6821537,2.070844,-4.5236497,0.42345512,7.894672,11.215015,16.99502,21.805273,14.468079,13.336035,14.8776245,13.486895,14.67786,10.446611,9.916933,15.808924,16.738514,11.296645,12.46216,14.783754,13.729086,10.588968,13.541365,12.859194,14.329715,18.407623,16.886028,10.096924,6.6192365,16.375711,23.528864,19.472006,13.670167,18.773361,11.631605,14.969089,18.81083,18.733753,16.164015,17.365086,16.115135,11.952212,7.980013,4.3326774,1.0826703,6.08261,6.467748,6.71683,5.5835333,-2.5123672,-0.90244913,4.7189255,13.869905,10.268906,11.375307,16.937931,15.572799,19.272488,17.365957,12.753294,14.332578,14.641161,11.210321,6.8346915,2.5224173,5.7845783,9.612504,12.101372,14.947447,20.476908,12.783667,4.2726383,10.192641,21.193409,27.669825,30.460686,29.128803,32.860672,33.030624,25.409636,18.466795,25.156013,25.385311,14.954288,20.524288,25.361614,18.797825,8.653271,6.0410576,-1.0384599,3.2597685,1.8532295,-0.8468017,1.0805391,10.057608,22.50766,12.6766815,8.449818,12.82707,17.233248,8.543546,3.5991375,8.132827,11.150732,13.349517,17.521744,12.453581,13.210459,17.757828,26.85366,34.471954,16.367825,7.4760303,9.687129,11.697711,1.6542373,6.8836894,11.232883,11.887588,15.663275,18.897568,21.72874,28.479805,25.6819,19.871037,18.252777,15.966887,17.74379,11.501297,12.615295,12.212323,7.4690137,13.222147,7.4305334,-4.6150165,-3.9549327,-1.6509898,-2.3326108,-2.1378317,9.744402,13.691324,9.1744,11.544217,14.838165,13.999565,5.221404,10.592931,16.398619,15.376259,19.641693,19.174995,21.337503,15.586291,6.904949,4.325408,13.941878,21.877916,16.66517,8.671988,16.533056,17.112602,12.188459,19.62714,21.724144,22.492771,11.458523,4.912117,3.7573562,8.290958,11.437872,13.174013,14.1284485,4.9227266,0.9882785,6.659421,6.0594816,2.0365791,8.712812,5.4728007,1.0794119,-0.64243054,2.0904248,9.877029,12.362192,7.194224,-1.4903958,-0.814438,4.8013706,4.016734,-3.425961,2.7703292,10.513487,5.4777765,3.6993837,7.652452,7.1088276,1.9164802,-2.5168042,-4.5438333,-0.09481025,3.0017018,4.9198337,9.959242,7.5728445,-1.8465111,6.567342,12.168163,23.694458,29.01266,17.401949,5.0145717,11.890236,12.246391,8.637536,11.074315,14.397196,-0.26208633,-2.4886057,8.079987,16.63781,12.695752,15.020444,10.455339,1.981159,1.0397346,7.4003553,5.4820294,4.048504,2.810707,1.8714327,7.2940125,3.9107437,-2.2100897,-2.8828325,-4.7057366,1.2851043,5.084315,8.140135,6.940181,6.9742727,0.0,0.0,0.0,0.0,0.0,0.0,0.0,0.0,0.0,0.0,0.0,0.0,0.0,0.0,0.0,0.0,0.0,0.0,0.0,0.0,0.0,0.0,0.0,0.0,0.0,0.0,0.0,0.0,0.0,0.0,0.0,0.0,0.0,0.0,0.0,0.0,0.0,0.0,0.0,0.0,0.0,0.0,0.0,0.0,0.0,0.0,0.0,0.0,0.0,0.0,0.0,0.0,0.0,0.0,0.0,0.0,0.0,0.0,0.0,0.0,0.0,0.0,0.0,0.0,0.0,0.0,0.0,0.0,0.0,0.0,0.0,0.0,0.0,0.0,0.0,0.0,0.0,0.0,0.0,0.0,0.0,0.0,0.0,0.0,0.0,0.0,0.0,0.0,0.0,0.0,0.0,0.0,0.0,0.0,0.0,0.0,0.0,0.0,0.0,0.0,0.0,0.0,0.0,0.0,0.0,0.0,0.0,0.0,0.0,0.0,0.0,0.0,0.0,0.0,0.0,0.0,0.0,0.0,0.0,0.0,0.0,0.0,0.0,0.0,0.0,0.0,0.0,0.0,0.0,0.0,0.0,0.0,0.0,0.0,0.0,0.0,0.0,0.0,0.0,0.0,0.0,0.0,0.0,0.0,0.0,0.0,0.0,0.0,0.0,0.0,0.0,0.0,0.0,0.0,0.0,0.0,0.0,0.0,0.0,0.0,0.0,0.0,0.0,0.0,0.0,0.0,0.0,0.0,0.0,0.0,0.0,0.0,0.0,0.0,0.0,0.0,0.0,0.0,0.0,0.0,0.0,0.0,0.0,0.0,0.0,0.0,0.0,0.0,0.0,0.0,0.0,0.0,0.0,0.0,0.0,0.0,0.0,0.0,0.0,0.0,0.0,0.0,0.0,0.0,0.0,0.0,0.0,0.0,0.0,0.0,0.0,0.0,0.0,0.0,0.0,0.0,0.0,0.0,0.0,0.0,0.0,0.0,0.0,0.0,0.0,0.0,0.0,0.0,0.0,0.0,0.0,0.0,0.0,0.0,0.0,0.0,0.0,0.0,0.0,0.0,0.0,0.0,0.0,0.0,0.0,0.0,0.0,0.0,0.0,0.0,0.0,0.0,0.0,0.0,0.0,0.0,0.0,0.0,0.0,0.0,0.0,0.0,0.0,0.0,0.0,0.0,0.0,0.0,0.0,0.0,0.0,0.0,0.0,0.0,0.0,0.0,0.0,0.0,0.0,0.0,0.0,0.0,0.0,0.0,0.0,0.0,0.0,0.0,0.0,0.0,0.0,0.0,0.0,0.0,0.0,0.0,0.0,0.0,0.0,0.0,0.0,0.0,0.0,0.0,0.0,0.0,0.0,0.0,0.0,0.0,0.0,0.0,0.0,0.0,0.0,0.0,0.0,0.0,0.0,0.0,0.0,0.0,0.0,0.0,0.0,0.0,0.0,0.0,0.0,0.0,0.0,0.0,0.0,0.0,0.0,0.0,0.0,0.0,0.0,0.0,0.0,0.0,0.0,0.0,0.0,0.0
-2.5093424,-3.013328,1.2503767,-0.23806825,5.23351,8.79444,10.433323,10.4232235,11.630581,3.957209,-4.677118,-0.35299456,0.3853548,-1.7361734,-5.841131,-4.2917023,1.324373,4.5773354,3.0821142,-1.9842048,-1.1785994,-1.5589687,-2.6721416,-3.4137154,-4.9777803,-8.751375,-9.032434,-12.734125,-15.498067,-16.155922,-14.928733,-14.262005,-10.491703,-10.024101,-7.3125477,-4.7711697,-7.3436494,-6.321724,-1.4072888,4.9357233,9.449446,7.847204,-4.931669,-15.464084,-9.3628845,-12.594263,-19.086372,-13.611658,-10.483645,-6.597123,-8.221594,-9.864712,-4.8588123,-7.0296497,-11.111774,-9.250735,-7.6105375,-12.574957,-6.362233,2.6268644,-2.2675364,-5.334692,0.8255139,10.339693,1.5010786,-7.090358,-2.7991688,-9.605792,-16.939087,-11.786073,-5.815788,-4.691144,-11.071402,-7.4096437,-6.1103706,-6.59519,-6.5873585,-9.547171,-11.98121,-8.550808,-2.4719129,4.3604403,3.1274033,3.2655659,1.2920023,-3.7826104,-6.9164867,-16.942722,-17.676712,-16.167969,-13.611919,-2.6911113,-4.632575,-15.553683,-13.67201,4.6712523,10.423675,10.251238,-0.5791125,-4.882282,-4.1147485,-1.2571291,-4.1000185,-14.006228,-4.887005,4.842576,3.7401974,4.3322697,0.23412758,-0.96209306,-6.005415,-14.135622,-12.390899,-9.366506,-8.143548,-11.847584,-9.945353,-8.91771,-6.535988,-6.206321,-14.211758,-16.935902,-12.668295,-5.8537135,-3.3284893,-9.726814,-1.0558232,-5.786334,-7.1718254,0.06509173,8.483009,8.161238,-7.7195826,-19.607592,-16.788849,-8.585529,-2.2780294,1.4085522,1.4734628,4.7620625,0.14498338,-7.5444617,-4.294635,-1.9022405,7.205679,6.8953876,7.4451714,14.800818,14.679628,16.65456,16.291878,11.439901,6.975054,-0.25859487,-16.912487,-16.834064,-10.5088005,-14.348631,-10.855307,-15.685687,-13.00951,-12.035521,-16.591612,-18.173954,-18.074633,-14.399183,-18.314774,-22.190575,-19.892317,-17.286705,-6.403614,-4.9389496,-11.515725,-6.576779,-2.482132,1.4433616,-0.3146441,-8.792341,-12.320865,-17.11666,-11.457315,-7.2650867,-4.070465,-0.08624005,-0.6244668,-0.996952,-6.829093,-11.89406,-4.973199,-3.1151004,-4.3711824,-1.7838383,-2.581757,-0.7283418,0.08410269,10.672375,7.8699107,-10.309521,-10.877466,-12.086399,-8.815441,-10.645977,-12.294212,-14.171865,-8.03113,-7.9068213,-5.362636,-6.833165,-3.40597,-4.363598,-9.986053,-6.847196,-7.812104,-9.211563,-4.437555,1.8297458,2.363272,-0.99644554,-4.537404,-3.6150222,-7.5390196,-7.489831,3.596534,3.7508082,-5.3398395,-11.967136,-10.6300535,-6.5198593,-7.388015,-19.567484,-11.500273,-7.759548,3.4370077,4.9234743,7.956691,9.178067,2.194693,-4.9157543,-2.8525515,4.7465606,4.5049787,8.835034,13.894015,26.710524,26.418858,19.525028,15.121321,16.276215,12.545784,14.499197,12.442326,10.608733,4.960376,2.1645977,0.0,0.0,0.0,0.0,0.0,0.0,0.0,0.0,0.0,0.0,0.0,0.0,0.0,0.0,0.0,0.0,0.0,0.0,0.0,0.0,0.0,0.0,0.0,0.0,0.0,0.0,0.0,0.0,0.0,0.0,0.0,0.0,0.0,0.0,0.0,0.0,0.0,0.0,0.0,0.0,0.0,0.0,0.0,0.0,0.0,0.0,0.0,0.0,0.0,0.0,0.0,0.0,0.0,0.0,0.0,0.0,0.0,0.0,0.0,0.0,0.0,0.0,0.0,0.0,0.0,0.0,0.0,0.0,0.0,0.0,0.0,0.0,0.0,0.0,0.0,0.0,0.0,0.0,0.0,0.0,0.0,0.0,0.0,0.0,0.0,0.0,0.0,0.0,0.0,0.0,0.0,0.0,0.0,0.0,0.0,0.0,0.0,0.0,0.0,0.0,0.0,0.0,0.0,0.0,0.0,0.0,0.0,0.0,0.0,0.0,0.0,0.0,0.0,0.0,0.0,0.0,0.0,0.0,0.0,0.0,0.0,0.0,0.0,0.0,0.0,0.0,0.0,0.0,0.0,0.0,0.0,0.0,0.0,0.0,0.0,0.0,0.0,0.0,0.0,0.0,0.0,0.0,0.0,0.0,0.0,0.0,0.0,0.0,0.0,0.0,0.0,0.0,0.0,0.0,0.0,0.0,0.0,0.0,0.0,0.0,0.0,0.0,0.0,0.0,0.0,0.0,0.0,0.0,0.0,0.0,0.0,0.0,0.0,0.0,0.0,0.0,0.0,0.0,0.0,0.0,0.0,0.0,0.0,0.0,0.0,0.0,0.0,0.0,0.0,0.0,0.0,0.0,0.0,0.0,0.0,0.0,0.0,0.0,0.0,0.0,0.0,0.0,0.0,0.0,0.0,0.0,0.0,0.0,0.0,0.0,0.0,0.0,0.0,0.0,0.0,0.0,0.0,0.0,0.0,0.0,0.0,0.0,0.0,0.0,0.0,0.0,0.0,0.0,0.0,0.0,0.0,0.0,0.0,0.0,0.0,0.0,0.0,0.0,0.0,0.0,0.0,0.0,0.0,0.0,0.0,0.0,0.0,0.0,0.0,0.0,0.0,0.0,0.0,0.0,0.0,0.0,0.0,0.0,0.0,0.0,0.0,0.0,0.0,0.0,0.0,0.0,0.0,0.0,0.0,0.0,0.0,0.0,0.0,0.0,0.0,0.0,0.0,0.0,0.0,0.0,0.0,0.0,0.0,0.0,0.0,0.0,0.0,0.0,0.0,0.0,0.0,0.0,0.0,0.0,0.0,0.0,0.0,0.0,0.0,0.0,0.0,0.0,0.0,0.0,0.0,0.0,0.0,0.0,0.0,0.0,0.0,0.0,0.0,0.0,0.0,0.0,0.0,0.0,0.0,0.0,0.0,0.0,0.0,0.0,0.0,0.0,0.0,0.0,0.0,0.0,0.0,0.0,0.0,0.0,0.0,0.0,0.0,0.0,0.0,0.0,0.0,0.0,0.0,0.0,0.0,0.0
-3.650712,-2.5643425,-2.4291239,-3.5147367,5.364542,10.866112,12.636966,8.741583,6.2151613,4.609023,0.7850356,4.3885264,1.3909523,6.30758,1.1582804,-4.2147307,-2.8434136,2.0546947,2.020992,9.686308,14.075256,13.555101,17.84226,15.483965,18.900528,19.593533,15.201471,15.069079,11.2295475,6.907022,13.181072,12.77715,12.987398,11.600544,12.546226,15.252296,11.226225,13.408285,20.872065,19.530205,23.49857,21.332825,13.440007,3.2053535,1.7933238,3.2390888,4.0600567,9.904849,22.658503,18.134083,14.045485,12.407246,18.960207,18.096462,12.139051,14.054186,16.093163,9.093652,12.277906,20.956581,12.722635,2.7459102,1.4663873,12.664211,23.2062,25.54494,24.725634,19.140903,11.808634,13.4977665,15.921898,16.197906,21.890734,19.280226,17.8601,12.323669,7.5345263,12.839235,13.48768,12.199781,16.601645,17.376541,15.956032,11.306107,10.177095,8.199332,0.7761748,14.282109,20.77983,20.976974,18.085278,16.727283,12.734522,7.2016106,6.9796686,12.850441,16.093733,24.927227,13.802433,8.447642,11.229214,23.887012,19.344397,-0.4697034,-1.9324474,11.075143,14.070978,12.1282425,12.695597,18.246176,21.26137,12.470671,11.3893795,17.096031,22.042522,13.327019,14.491532,16.120174,13.992086,11.49029,7.6954618,5.8835397,6.3662853,9.265297,11.374799,6.4520035,10.001335,2.8389816,3.004321,5.8602076,6.4932737,9.887732,4.1731167,-4.8040986,0.7611567,12.259611,13.41453,13.223993,7.625012,2.1347392,0.06830689,-3.5488968,4.7411017,4.862128,8.712922,7.864247,1.4440553,6.975439,9.334408,12.78334,13.497206,8.780152,3.8213491,7.8062167,12.501805,10.828964,13.785813,9.913084,11.038013,11.392874,22.947277,27.142643,20.987349,14.586217,14.117046,15.792278,17.179089,11.755476,13.644924,13.930164,23.822018,21.511124,15.85163,5.2040434,-3.6501498,-3.630425,3.4859264,15.331791,20.620667,18.615356,17.103798,7.4702244,8.247376,18.002235,20.211918,13.550031,9.478013,5.3085947,3.2039526,1.5450896,2.2972608,5.221095,5.885235,4.211295,-0.28206247,-0.921115,16.589537,16.898129,12.800182,10.824833,10.024708,8.067053,10.531892,15.009798,15.624216,9.907449,18.812931,19.929554,14.527096,12.815146,16.088694,15.287823,12.834158,12.737091,9.034151,9.993444,3.5287404,-0.47128773,-6.602747,0.53131056,7.490624,7.021458,13.07728,21.87365,17.107296,16.172977,17.30317,18.373978,23.285124,13.9421425,3.0402954,2.586011,10.096538,-0.36071664,5.644309,10.47271,2.4868946,4.311104,5.4740715,8.048351,4.4253073,7.2966995,14.333832,19.968943,19.204002,15.408552,13.863501,13.950245,9.438454,13.797078,14.673006,8.108098,-0.87045276,-2.2526913,0.0,0.0,0.0,0.0,0.0,0.0,0.0,0.0,0.0,0.0,0.0,0.0,0.0,0.0,0.0,0.0,0.0,0.0,0.0,0.0,0.0,0.0,0.0,0.0,0.0,0.0,0.0,0.0,0.0,0.0,0.0,0.0,0.0,0.0,0.0,0.0,0.0,0.0,0.0,0.0,0.0,0.0,0.0,0.0,0.0,0.0,0.0,0.0,0.0,0.0,0.0,0.0,0.0,0.0,0.0,0.0,0.0,0.0,0.0,0.0,0.0,0.0,0.0,0.0,0.0,0.0,0.0,0.0,0.0,0.0,0.0,0.0,0.0,0.0,0.0,0.0,0.0,0.0,0.0,0.0,0.0,0.0,0.0,0.0,0.0,0.0,0.0,0.0,0.0,0.0,0.0,0.0,0.0,0.0,0.0,0.0,0.0,0.0,0.0,0.0,0.0,0.0,0.0,0.0,0.0,0.0,0.0,0.0,0.0,0.0,0.0,0.0,0.0,0.0,0.0,0.0,0.0,0.0,0.0,0.0,0.0,0.0,0.0,0.0,0.0,0.0,0.0,0.0,0.0,0.0,0.0,0.0,0.0,0.0,0.0,0.0,0.0,0.0,0.0,0.0,0.0,0.0,0.0,0.0,0.0,0.0,0.0,0.0,0.0,0.0,0.0,0.0,0.0,0.0,0.0,0.0,0.0,0.0,0.0,0.0,0.0,0.0,0.0,0.0,0.0,0.0,0.0,0.0,0.0,0.0,0.0,0.0,0.0,0.0,0.0,0.0,0.0,0.0,0.0,0.0,0.0,0.0,0.0,0.0,0.0,0.0,0.0,0.0,0.0,0.0,0.0,0.0,0.0,0.0,0.0,0.0,0.0,0.0,0.0,0.0,0.0,0.0,0.0,0.0,0.0,0.0,0.0,0.0,0.0,0.0,0.0,0.0,0.0,0.0,0.0,0.0,0.0,0.0,0.0,0.0,0.0,0.0,0.0,0.0,0.0,0.0,0.0,0.0,0.0,0.0,0.0,0.0,0.0,0.0,0.0,0.0,0.0,0.0,0.0,0.0,0.0,0.0,0.0,0.0,0.0,0.0,0.0,0.0,0.0,0.0,0.0,0.0,0.0,0.0,0.0,0.0,0.0,0.0,0.0,0.0,0.0,0.0,0.0,0.0,0.0,0.0,0.0,0.0,0.0,0.0,0.0,0.0,0.0,0.0,0.0,0.0,0.0,0.0,0.0,0.0,0.0,0.0,0.0,0.0,0.0,0.0,0.0,0.0,0.0,0.0,0.0,0.0,0.0,0.0,0.0,0.0,0.0,0.0,0.0,0.0,0.0,0.0,0.0,0.0,0.0,0.0,0.0,0.0,0.0,0.0,0.0,0.0,0.0,0.0,0.0,0.0,0.0,0.0,0.0,0.0,0.0,0.0,0.0,0.0,0.0,0.0,0.0,0.0,0.0,0.0,0.0,0.0,0.0,0.0,0.0,0.0,0.0,0.0,0.0,0.0,0.0,0.0,0.0,0.0,0.0,0.0
-1.7196462,-3.7815487,-4.018553,-4.0292673,2.975216,5.8238826,4.952872,4.680854,0.4278826,-1.7176248,0.53957915,2.28295,6.7451577,9.768671,13.104284,6.148384,-2.40805,2.670093,7.120083,1.1358616,3.8699691,1.3558913,1.7886022,2.0034544,3.3309214,-0.781184,-7.7607217,-9.348848,-10.447003,-8.781073,1.8355571,1.6668293,-0.031910777,-0.39779067,-3.9863157,-5.460669,-1.9591577,7.1668296,12.163229,2.8334532,5.740767,7.4810534,2.7525096,-7.3600388,-15.84379,-13.984084,-6.6577077,-1.696983,-0.27262664,-6.1593976,-10.865908,-11.773592,-11.296183,-12.044837,-7.6321507,-3.2616768,-6.3784494,-8.038615,1.435709,3.9587865,-0.7078309,0.622141,3.7316203,5.180332,-9.854313,-9.549752,-6.783584,-11.026592,-14.239703,-11.095261,-10.688671,-5.724267,0.99619484,-7.906616,-7.8952975,-5.373308,-9.572088,-6.514641,0.97600067,-6.763501,-10.22136,-13.952829,-12.408342,-11.941255,-8.728305,5.0099936,7.28111,-9.3390255,-12.236204,-12.165613,-12.607877,-6.063835,-4.201577,-9.462451,-10.046039,-5.789258,-8.53157,-15.837494,-17.979916,-9.261223,-9.250284,1.7072439,2.147544,-5.3700714,-6.1942735,-0.3995637,11.061193,12.901462,8.743616,-1.4789034,0.45862532,-2.5703025,-3.1825619,-8.105938,-4.5247006,-10.227027,-11.527147,-10.833177,-6.401696,-10.764736,-17.907433,-10.390614,2.565073,5.3953943,-2.768946,-10.945703,-12.320341,-12.064891,4.290353,6.286441,0.122992754,7.2587566,0.2889173,-5.2086368,-7.629677,-3.0494409,-2.3188338,0.3688823,-0.06186688,-3.7357273,0.01915425,1.2386085,6.744446,11.438279,10.578515,7.3363156,1.4041401,-3.9724846,-2.5673196,-0.5726162,-6.1499414,-11.323643,-7.066387,-11.263152,-17.198225,-22.34797,-13.099613,-15.395376,-17.441978,-11.946291,-6.653391,-9.678549,-13.787185,-15.296191,-10.77992,-15.706623,-13.108873,-6.938505,-8.078611,-11.084146,-2.6836045,-2.5012684,1.916606,2.4085624,3.2517943,2.342773,-7.5011067,-11.244263,-16.355091,-12.345498,-10.315815,-13.366911,-13.27736,-11.06888,-9.895446,-11.821812,-5.676218,-3.7434912,-4.9240727,-6.6855836,-0.83612335,3.903572,0.6669703,2.9976501,5.0146904,1.1643536,-0.6474394,-6.707356,-9.047313,-6.830579,-6.518843,-5.375905,-7.5997562,-7.4437947,-3.818983,-12.233604,-16.403728,-7.894532,-7.8860693,-11.6975975,-7.040514,-6.617755,-6.3798556,-4.7094913,-13.312363,-14.957918,-14.144487,-3.6015823,0.41821885,8.806286,2.4312348,0.10194743,-4.8593464,-7.473565,-11.973503,-7.453572,-6.8921375,-5.1274624,-1.8204226,-8.30205,-23.21776,-18.936665,-10.246842,-13.305582,-3.8231397,4.2060003,-4.5004616,0.72398573,2.8363676,-1.373591,-1.3880427,3.9040718,2.4889908,0.9067469,2.1125922,-7.2939987,-8.307342,-5.908615,-3.397114,-4.4249864,-2.4809344,-3.167105,0.06190288,-3.1270428,0.0,0.0,0.0,0.0,0.0,0.0,0.0,0.0,0.0,0.0,0.0,0.0,0.0,0.0,0.0,0.0,0.0,0.0,0.0,0.0,0.0,0.0,0.0,0.0,0.0,0.0,0.0,0.0,0.0,0.0,0.0,0.0,0.0,0.0,0.0,0.0,0.0,0.0,0.0,0.0,0.0,0.0,0.0,0.0,0.0,0.0,0.0,0.0,0.0,0.0,0.0,0.0,0.0,0.0,0.0,0.0,0.0,0.0,0.0,0.0,0.0,0.0,0.0,0.0,0.0,0.0,0.0,0.0,0.0,0.0,0.0,0.0,0.0,0.0,0.0,0.0,0.0,0.0,0.0,0.0,0.0,0.0,0.0,0.0,0.0,0.0,0.0,0.0,0.0,0.0,0.0,0.0,0.0,0.0,0.0,0.0,0.0,0.0,0.0,0.0,0.0,0.0,0.0,0.0,0.0,0.0,0.0,0.0,0.0,0.0,0.0,0.0,0.0,0.0,0.0,0.0,0.0,0.0,0.0,0.0,0.0,0.0,0.0,0.0,0.0,0.0,0.0,0.0,0.0,0.0,0.0,0.0,0.0,0.0,0.0,0.0,0.0,0.0,0.0,0.0,0.0,0.0,0.0,0.0,0.0,0.0,0.0,0.0,0.0,0.0,0.0,0.0,0.0,0.0,0.0,0.0,0.0,0.0,0.0,0.0,0.0,0.0,0.0,0.0,0.0,0.0,0.0,0.0,0.0,0.0,0.0,0.0,0.0,0.0,0.0,0.0,0.0,0.0,0.0,0.0,0.0,0.0,0.0,0.0,0.0,0.0,0.0,0.0,0.0,0.0,0.0,0.0,0.0,0.0,0.0,0.0,0.0,0.0,0.0,0.0,0.0,0.0,0.0,0.0,0.0,0.0,0.0,0.0,0.0,0.0,0.0,0.0,0.0,0.0,0.0,0.0,0.0,0.0,0.0,0.0,0.0,0.0,0.0,0.0,0.0,0.0,0.0,0.0,0.0,0.0,0.0,0.0,0.0,0.0,0.0,0.0,0.0,0.0,0.0,0.0,0.0,0.0,0.0,0.0,0.0,0.0,0.0,0.0,0.0,0.0,0.0,0.0,0.0,0.0,0.0,0.0,0.0,0.0,0.0,0.0,0.0,0.0,0.0,0.0,0.0,0.0,0.0,0.0,0.0,0.0,0.0,0.0,0.0,0.0,0.0,0.0,0.0,0.0,0.0,0.0,0.0,0.0,0.0,0.0,0.0,0.0,0.0,0.0,0.0,0.0,0.0,0.0,0.0,0.0,0.0,0.0,0.0,0.0,0.0,0.0,0.0,0.0,0.0,0.0,0.0,0.0,0.0,0.0,0.0,0.0,0.0,0.0,0.0,0.0,0.0,0.0,0.0,0.0,0.0,0.0,0.0,0.0,0.0,0.0,0.0,0.0,0.0,0.0,0.0,0.0,0.0,0.0,0.0,0.0,0.0,0.0,0.0,0.0,0.0,0.0,0.0,0.0,0.0,0.0,0.0,0.0
0.76834273,2.6519313,1.81415,-1.6959887,1.1233788,8.470855,4.553472,-1.8572738,-3.285804,2.4419537,2.9092257,0.42613178,9.993109,12.661325,14.258568,10.592073,6.663479,6.886433,5.652858,3.211765,7.7165856,9.941014,10.27418,12.791183,16.741577,19.3922,15.540438,12.332321,9.523951,10.608324,17.8169,14.737623,16.951735,11.658279,6.012495,7.039962,9.319584,9.711607,4.8132553,-7.3268595,-5.928618,2.6639345,2.8246725,-1.7326201,-0.33965552,4.6848145,3.2169597,5.5957875,5.6692863,10.834394,10.575777,2.425288,-0.22138786,-0.66534555,10.61109,11.129047,5.3266597,1.7312894,-1.4511088,1.0392449,5.2609696,16.38361,12.6992445,4.807911,6.1953382,7.3433924,8.070853,11.525742,17.625591,17.261738,10.627235,18.483475,23.258537,16.719608,13.304268,9.764806,10.03755,11.803451,15.200977,10.174346,12.480559,8.625225,2.279456,3.8194046,5.4165325,14.916839,13.789709,12.411184,15.930754,9.403423,2.2746296,2.7491126,2.985193,-3.3737478,-0.8889039,-1.2777425,-3.5606053,-5.1889057,-0.287972,3.3223462,7.635129,12.772192,1.8162236,-3.3940997,-1.341002,-4.0506396,-0.48529285,3.4959555,4.6870213,9.485975,14.894976,16.830154,18.112553,10.171903,9.824129,6.499364,10.870521,12.36095,14.582104,10.500645,3.5633087,5.6111813,15.326492,24.842957,22.15451,19.934978,20.367308,17.523571,16.673195,13.375776,1.9184619,2.778302,4.523453,10.057577,18.932785,17.562428,12.912046,6.654566,-0.09421235,-7.095374,-2.135243,10.1739235,10.98962,8.928734,3.6731474,2.062163,-0.3956604,-6.095009,-1.3331761,-0.4710784,-1.8350141,-3.916891,1.6123246,13.399694,18.009832,8.16023,10.622456,11.222094,11.260998,12.551022,13.418879,14.078808,11.873232,9.168562,10.580774,4.641967,1.1694788,3.6848493,1.1103446,0.31933558,2.631104,6.2152286,15.215578,17.970333,12.666269,8.388446,10.138579,19.084143,16.94134,13.192511,11.496349,10.671461,13.489632,12.115346,6.9274487,3.7071772,3.231897,0.80265844,-0.31817877,-7.4399858,-3.9677024,-2.7923474,-4.119738,0.21528006,3.549633,-1.2519636,-0.6324115,8.970973,10.282316,7.6531577,1.0219303,2.715479,1.6581416,3.8594763,7.6707554,11.119205,10.709843,11.252831,14.771099,16.760864,24.594769,21.763977,20.134521,17.804798,18.334183,13.292353,3.8754425,3.25927,8.271429,0.53721553,3.8170912,13.655857,12.560373,10.075786,0.77666,-3.3263009,6.4856052,12.385349,11.726419,8.009138,-2.06128,3.406425,12.4527,5.124681,3.3927152,1.0039599,-1.718033,1.7328478,1.8091788,-7.1283474,-2.438464,5.2413225,2.1536796,5.438943,4.47701,-8.867895,-11.561031,-7.608035,-1.7283504,-4.6957397,-5.8542833,-5.188377,5.767605,1.0382636,0.0,0.0,0.0,0.0,0.0,0.0,0.0,0.0,0.0,0.0,0.0,0.0,0.0,0.0,0.0,0.0,0.0,0.0,0.0,0.0,0.0,0.0,0.0,0.0,0.0,0.0,0.0,0.0,0.0,0.0,0.0,0.0,0.0,0.0,0.0,0.0,0.0,0.0,0.0,0.0,0.0,0.0,0.0,0.0,0.0,0.0,0.0,0.0,0.0,0.0,0.0,0.0,0.0,0.0,0.0,0.0,0.0,0.0,0.0,0.0,0.0,0.0,0.0,0.0,0.0,0.0,0.0,0.0,0.0,0.0,0.0,0.0,0.0,0.0,0.0,0.0,0.0,0.0,0.0,0.0,0.0,0.0,0.0,0.0,0.0,0.0,0.0,0.0,0.0,0.0,0.0,0.0,0.0,0.0,0.0,0.0,0.0,0.0,0.0,0.0,0.0,0.0,0.0,0.0,0.0,0.0,0.0,0.0,0.0,0.0,0.0,0.0,0.0,0.0,0.0,0.0,0.0,0.0,0.0,0.0,0.0,0.0,0.0,0.0,0.0,0.0,0.0,0.0,0.0,0.0,0.0,0.0,0.0,0.0,0.0,0.0,0.0,0.0,0.0,0.0,0.0,0.0,0.0,0.0,0.0,0.0,0.0,0.0,0.0,0.0,0.0,0.0,0.0,0.0,0.0,0.0,0.0,0.0,0.0,0.0,0.0,0.0,0.0,0.0,0.0,0.0,0.0,0.0,0.0,0.0,0.0,0.0,0.0,0.0,0.0,0.0,0.0,0.0,0.0,0.0,0.0,0.0,0.0,0.0,0.0,0.0,0.0,0.0,0.0,0.0,0.0,0.0,0.0,0.0,0.0,0.0,0.0,0.0,0.0,0.0,0.0,0.0,0.0,0.0,0.0,0.0,0.0,0.0,0.0,0.0,0.0,0.0,0.0,0.0,0.0,0.0,0.0,0.0,0.0,0.0,0.0,0.0,0.0,0.0,0.0,0.0,0.0,0.0,0.0,0.0,0.0,0.0,0.0,0.0,0.0,0.0,0.0,0.0,0.0,0.0,0.0,0.0,0.0,0.0,0.0,0.0,0.0,0.0,0.0,0.0,0.0,0.0,0.0,0.0,0.0,0.0,0.0,0.0,0.0,0.0,0.0,0.0,0.0,0.0,0.0,0.0,0.0,0.0,0.0,0.0,0.0,0.0,0.0,0.0,0.0,0.0,0.0,0.0,0.0,0.0,0.0,0.0,0.0,0.0,0.0,0.0,0.0,0.0,0.0,0.0,0.0,0.0,0.0,0.0,0.0,0.0,0.0,0.0,0.0,0.0,0.0,0.0,0.0,0.0,0.0,0.0,0.0,0.0,0.0,0.0,0.0,0.0,0.0,0.0,0.0,0.0,0.0,0.0,0.0,0.0,0.0,0.0,0.0,0.0,0.0,0.0,0.0,0.0,0.0,0.0,0.0,0.0,0.0,0.0,0.0,0.0,0.0,0.0,0.0,0.0,0.0,0.0,0.0,0.0,0.0,0.0
-2.048528,0.6781738,2.2548058,1.0993611,0.9869102,7.9583435,2.4198875,-3.3270135,-0.7622614,8.741106,5.861705,2.3079915,6.258713,9.85067,8.159059,4.8722878,5.9180665,4.0015745,3.462372,-3.3644743,-0.60354733,0.28490615,1.5343635,-6.664031,-8.868909,-4.974771,-5.303236,-9.095132,-15.51688,-10.9918,-4.7375965,-5.6650248,-5.54953,-9.493462,-10.278019,-3.8890994,-8.314576,-10.1584425,-15.819622,-19.562927,-13.870706,-5.777599,0.861269,-2.046833,-11.45889,-14.220133,-9.382917,-0.409871,-1.2295172,-6.1406155,-6.690535,-6.209093,-8.01843,-4.8039846,-1.4327779,-3.4477222,-3.5667064,-8.145908,-9.81142,-1.1380515,3.6697392,8.415331,10.354237,5.5778766,1.354394,-1.3533683,-5.4363604,-3.0832894,-2.7432296,-6.923602,-9.086211,-3.5428927,-4.1886854,-12.19307,-10.698816,-9.362844,-2.7192476,-0.9286523,-2.1368718,-3.7092896,-7.0633993,-12.14122,-5.7030797,-1.2859657,-2.585283,2.8776474,2.037778,-1.5170921,-4.758256,-6.8571815,-7.431241,-2.0992622,2.8071766,-3.5113497,-4.1438665,-4.643627,-10.411392,-10.537209,4.5912795,6.523923,1.7382245,1.8613343,4.596729,3.0810404,8.226574,7.627902,9.544571,7.881548,3.7476118,6.4598894,0.023343801,-5.079708,-3.1926737,-4.2220902,1.3767768,-6.5020833,-1.0697054,2.6886806,-5.900879,-10.98723,-13.707849,-16.30134,-15.969207,-7.7002206,-9.709047,-6.6636243,-3.3073695,0.41875476,0.9795606,2.039034,-0.34351575,-2.1595418,0.29858598,0.44581974,5.458933,3.710269,1.7319337,-0.56209815,1.4172854,0.92174554,6.17267,11.774687,3.8154907,-1.7305007,-0.41072357,7.9276743,1.7799537,2.0122967,9.2064705,10.847867,11.024707,8.655961,8.902714,13.746389,5.7469583,-11.146056,-12.620503,-10.759598,-4.589246,-1.1607982,-8.231338,-5.350376,-3.6216464,-7.3028784,-7.766453,-15.812851,-14.1989155,-9.179342,-6.273655,-2.4343529,-12.8545265,-10.358455,-4.3267946,1.571234,-2.8338575,-3.3995035,-4.526678,0.62499774,2.3720882,-4.5177116,-6.5327883,-3.0085912,-0.39409742,-2.1845806,-0.19970608,-0.46828318,2.5770063,3.6751113,6.612019,-2.6407592,-3.03257,1.3878622,4.419871,-3.041726,-5.7308826,-8.498741,-7.6138673,-4.099626,-2.0687537,-4.8057356,-11.665869,-8.43516,-5.3964806,-5.4565725,-4.899251,-4.31652,-4.1941967,-1.2292957,-2.1341267,0.15708482,3.6530128,0.4619758,1.4871495,2.6666899,2.3569257,0.21802723,0.585092,1.7111142,5.8442116,1.6518147,-5.1461744,2.4391916,3.5134938,4.424791,0.023375154,-4.4325657,-4.834963,-5.368636,-2.802448,-7.596427,-4.720622,-6.5837545,-2.6042805,-0.298387,2.0194607,-4.0102754,3.1441045,14.237577,17.56683,4.5919943,4.0745378,-0.9898051,0.93950355,6.3695464,4.9175797,-0.315758,0.73937285,4.749281,8.285742,11.069399,10.938716,5.0071883,5.1883783,-3.1445143,0.0,0.0,0.0,0.0,0.0,0.0,0.0,0.0,0.0,0.0,0.0,0.0,0.0,0.0,0.0,0.0,0.0,0.0,0.0,0.0,0.0,0.0,0.0,0.0,0.0,0.0,0.0,0.0,0.0,0.0,0.0,0.0,0.0,0.0,0.0,0.0,0.0,0.0,0.0,0.0,0.0,0.0,0.0,0.0,0.0,0.0,0.0,0.0,0.0,0.0,0.0,0.0,0.0,0.0,0.0,0.0,0.0,0.0,0.0,0.0,0.0,0.0,0.0,0.0,0.0,0.0,0.0,0.0,0.0,0.0,0.0,0.0,0.0,0.0,0.0,0.0,0.0,0.0,0.0,0.0,0.0,0.0,0.0,0.0,0.0,0.0,0.0,0.0,0.0,0.0,0.0,0.0,0.0,0.0,0.0,0.0,0.0,0.0,0.0,0.0,0.0,0.0,0.0,0.0,0.0,0.0,0.0,0.0,0.0,0.0,0.0,0.0,0.0,0.0,0.0,0.0,0.0,0.0,0.0,0.0,0.0,0.0,0.0,0.0,0.0,0.0,0.0,0.0,0.0,0.0,0.0,0.0,0.0,0.0,0.0,0.0,0.0,0.0,0.0,0.0,0.0,0.0,0.0,0.0,0.0,0.0,0.0,0.0,0.0,0.0,0.0,0.0,0.0,0.0,0.0,0.0,0.0,0.0,0.0,0.0,0.0,0.0,0.0,0.0,0.0,0.0,0.0,0.0,0.0,0.0,0.0,0.0,0.0,0.0,0.0,0.0,0.0,0.0,0.0,0.0,0.0,0.0,0.0,0.0,0.0,0.0,0.0,0.0,0.0,0.0,0.0,0.0,0.0,0.0,0.0,0.0,0.0,0.0,0.0,0.0,0.0,0.0,0.0,0.0,0.0,0.0,0.0,0.0,0.0,0.0,0.0,0.0,0.0,0.0,0.0,0.0,0.0,0.0,0.0,0.0,0.0,0.0,0.0,0.0,0.0,0.0,0.0,0.0,0.0,0.0,0.0,0.0,0.0,0.0,0.0,0.0,0.0,0.0,0.0,0.0,0.0,0.0,0.0,0.0,0.0,0.0,0.0,0.0,0.0,0.0,0.0,0.0,0.0,0.0,0.0,0.0,0.0,0.0,0.0,0.0,0.0,0.0,0.0,0.0,0.0,0.0,0.0,0.0,0.0,0.0,0.0,0.0,0.0,0.0,0.0,0.0,0.0,0.0,0.0,0.0,0.0,0.0,0.0,0.0,0.0,0.0,0.0,0.0,0.0,0.0,0.0,0.0,0.0,0.0,0.0,0.0,0.0,0.0,0.0,0.0,0.0,0.0,0.0,0.0,0.0,0.0,0.0,0.0,0.0,0.0,0.0,0.0,0.0,0.0,0.0,0.0,0.0,0.0,0.0,0.0,0.0,0.0,0.0,0.0,0.0,0.0,0.0,0.0,0.0,0.0,0.0,0.0,0.0,0.0,0.0,0.0,0.0,0.0,0.0,0.0,0.0,0.0,0.0,0.0,0.0,0.0
-2.25871,-0.6009432,1.6514202,1.6224518,-4.0375395,1.6329634,0.41352978,0.6607597,6.420506,7.9862633,4.471923,1.1355021,-0.6193435,-0.63360727,0.45826638,-0.043427348,-0.7895247,0.48682845,2.6186776,2.9630578,4.880774,2.9587932,5.801666,1.4075861,5.155661,15.492107,13.822172,8.278273,6.4680758,7.3113317,10.58226,14.696326,15.794098,13.920562,8.174709,3.1115277,4.5254593,3.7805212,2.4781814,8.468037,7.864951,0.09044218,12.711813,17.799517,13.668831,11.206909,10.531399,10.585717,11.35413,5.6543374,9.325007,18.599735,16.782196,13.193318,9.795535,6.7351804,6.7795606,6.168714,9.9475,7.2469935,5.2916527,5.9125285,1.3546078,19.587858,17.791851,11.950969,10.140928,15.076239,7.1970177,7.997265,17.008743,17.444378,16.959633,11.30262,7.5569544,6.0771146,13.61762,18.449957,11.114035,8.289542,2.7942727,3.6053545,7.3171997,1.3334191,2.9282668,11.2108,10.1028595,11.667835,10.098253,12.477322,6.729931,2.4144185,5.8872423,4.9104075,2.6673102,5.5405846,9.404206,10.323916,7.365666,3.5067322,3.3583739,5.5268106,5.674632,1.0650475,5.221912,5.8335304,11.069102,8.157337,-2.707277,8.919058,10.730258,5.8887577,4.2399983,6.737602,14.2531185,9.289915,11.818473,16.87178,7.919885,6.0068073,6.509294,5.0421596,3.9299884,12.72939,12.569506,11.015375,7.3297033,6.1244526,8.111339,2.2441406,-8.658287,-3.1003246,7.500949,13.385816,12.326888,4.5803957,1.9011703,1.6081725,4.7458234,0.94505143,2.2179854,9.7090435,7.313631,-2.3061604,-1.0053358,5.999274,0.044685483,9.059509,10.487131,4.0362535,1.7080135,-0.42371142,5.2713795,6.2815857,12.255442,23.279707,18.61895,9.76674,12.26862,16.725122,5.669241,4.076197,2.7461648,0.38693964,-1.8598849,-7.796302,-1.1578076,9.235344,16.087349,16.580378,7.317728,10.099987,2.292268,7.2967405,6.7963004,2.3748178,0.72913015,2.0297854,6.270625,5.122484,5.832225,8.294041,6.2600083,3.4052644,-0.35130173,3.486442,11.224634,4.088456,0.53405035,-4.174671,-3.3692074,3.7744792,3.2002072,-5.2057104,-5.017968,-4.226273,7.659195,2.2044713,9.596166,10.24435,12.816002,6.8145647,-2.7742786,-6.276582,0.60970616,7.008074,5.6290374,7.045097,5.4254937,3.9936852,0.77479386,-4.273054,-1.2161484,2.6120322,6.952398,9.034548,10.998863,5.1184196,7.020501,11.490888,7.010964,1.8791202,3.2812438,10.588108,10.969516,5.8364472,-2.2143269,1.2607913,4.9042616,2.2406325,5.011794,6.5723524,13.929471,13.575161,13.3451,6.092327,9.294409,10.792203,10.337908,0.759718,-1.3788731,0.50649226,-1.0398434,1.5722576,7.6138067,8.09197,13.149221,12.487236,12.248926,15.073971,11.526274,12.358824,3.420825,-2.380762,0.0,0.0,0.0,0.0,0.0,0.0,0.0,0.0,0.0,0.0,0.0,0.0,0.0,0.0,0.0,0.0,0.0,0.0,0.0,0.0,0.0,0.0,0.0,0.0,0.0,0.0,0.0,0.0,0.0,0.0,0.0,0.0,0.0,0.0,0.0,0.0,0.0,0.0,0.0,0.0,0.0,0.0,0.0,0.0,0.0,0.0,0.0,0.0,0.0,0.0,0.0,0.0,0.0,0.0,0.0,0.0,0.0,0.0,0.0,0.0,0.0,0.0,0.0,0.0,0.0,0.0,0.0,0.0,0.0,0.0,0.0,0.0,0.0,0.0,0.0,0.0,0.0,0.0,0.0,0.0,0.0,0.0,0.0,0.0,0.0,0.0,0.0,0.0,0.0,0.0,0.0,0.0,0.0,0.0,0.0,0.0,0.0,0.0,0.0,0.0,0.0,0.0,0.0,0.0,0.0,0.0,0.0,0.0,0.0,0.0,0.0,0.0,0.0,0.0,0.0,0.0,0.0,0.0,0.0,0.0,0.0,0.0,0.0,0.0,0.0,0.0,0.0,0.0,0.0,0.0,0.0,0.0,0.0,0.0,0.0,0.0,0.0,0.0,0.0,0.0,0.0,0.0,0.0,0.0,0.0,0.0,0.0,0.0,0.0,0.0,0.0,0.0,0.0,0.0,0.0,0.0,0.0,0.0,0.0,0.0,0.0,0.0,0.0,0.0,0.0,0.0,0.0,0.0,0.0,0.0,0.0,0.0,0.0,0.0,0.0,0.0,0.0,0.0,0.0,0.0,0.0,0.0,0.0,0.0,0.0,0.0,0.0,0.0,0.0,0.0,0.0,0.0,0.0,0.0,0.0,0.0,0.0,0.0,0.0,0.0,0.0,0.0,0.0,0.0,0.0,0.0,0.0,0.0,0.0,0.0,0.0,0.0,0.0,0.0,0.0,0.0,0.0,0.0,0.0,0.0,0.0,0.0,0.0,0.0,0.0,0.0,0.0,0.0,0.0,0.0,0.0,0.0,0.0,0.0,0.0,0.0,0.0,0.0,0.0,0.0,0.0,0.0,0.0,0.0,0.0,0.0,0.0,0.0,0.0,0.0,0.0,0.0,0.0,0.0,0.0,0.0,0.0,0.0,0.0,0.0,0.0,0.0,0.0,0.0,0.0,0.0,0.0,0.0,0.0,0.0,0.0,0.0,0.0,0.0,0.0,0.0,0.0,0.0,0.0,0.0,0.0,0.0,0.0,0.0,0.0,0.0,0.0,0.0,0.0,0.0,0.0,0.0,0.0,0.0,0.0,0.0,0.0,0.0,0.0,0.0,0.0,0.0,0.0,0.0,0.0,0.0,0.0,0.0,0.0,0.0,0.0,0.0,0.0,0.0,0.0,0.0,0.0,0.0,0.0,0.0,0.0,0.0,0.0,0.0,0.0,0.0,0.0,0.0,0.0,0.0,0.0,0.0,0.0,0.0,0.0,0.0,0.0,0.0,0.0,0.0,0.0,0.0,0.0,0.0,0.0,0.0
5.037649,4.7815647,0.8515123,-1.2988806,-5.375769,-0.9009065,-0.51926553,0.19562763,5.5763264,-0.68132305,-4.042383,1.959759,0.63005674,1.3731306,-0.22457176,-0.7956779,0.41000473,2.4787698,4.3594,4.1662188,5.914975,0.5933241,-3.577078,-6.523472,-3.9070466,-0.8605927,-2.6437778,-5.8986206,0.22278404,3.2114334,-6.348634,-5.426053,0.8021502,0.5406741,-0.8084662,-1.4991703,-5.737268,-11.282324,-6.6603785,10.324609,13.820719,7.5855627,1.092833,-4.3608813,-2.8290298,-1.4860052,-5.231194,-7.674316,-0.95255905,-2.7228227,0.96865416,1.6399662,4.34715,3.4922087,0.23903131,-3.0787988,-1.4743931,-0.08642149,2.1581655,-1.7197886,-4.1859627,-3.6917775,0.9176024,11.804727,12.421083,13.5059805,11.53747,6.40592,-0.5231345,1.7601526,6.351619,1.516212,-2.3796074,-2.8490877,-1.5477228,-3.746305,-1.7184858,1.7801504,-0.23329026,-0.016422987,0.30011785,2.6049068,-2.2415762,-8.287928,-0.41768456,7.6927958,-4.7083116,-14.689884,-11.076919,-2.8137946,-6.371499,-11.16613,-3.8458416,-5.00741,-10.490109,-6.8160915,-7.6264286,-4.386617,-9.5368805,-10.551563,-15.641706,-17.000317,-4.1421094,0.73062706,-0.2962443,-3.0767527,1.5598545,0.10341698,-3.432563,1.3093271,-7.0730133,-5.088795,-1.8545724,-0.1131475,-1.1661935,-2.4583185,-1.6828794,-3.150743,-7.9758105,-9.509291,-6.7052927,-0.7848617,-8.096028,-6.946063,-11.10153,-13.554406,-12.282648,-0.34888336,12.299894,5.447443,-1.7008882,-3.272746,5.090273,3.1757414,-3.4554424,-13.8108425,-13.325817,-7.0372324,-1.7119236,-1.0850408,-1.4001346,2.5420713,3.3209794,3.3282952,5.0361867,5.0186024,5.523247,7.549191,8.480619,3.5843294,-1.0434718,-4.7318716,-3.182289,-10.72352,2.4875536,7.1633525,-4.2686367,-1.7429966,6.1683855,1.9296898,0.81310296,1.5101514,-7.6421337,-8.930665,-7.1181707,-3.3389857,-0.5911746,-3.8107662,-13.191571,-12.944317,-7.4882503,-3.386543,1.5176923,4.4654665,4.0069156,4.8058615,-4.6742516,-7.685442,-7.944351,-0.6768544,2.7277672,-0.6728288,-8.354664,-10.986898,-5.003701,3.3443158,10.048503,-1.3798735,-10.083315,-7.1510305,-5.0870967,-1.5988145,0.6807697,1.548368,3.3117833,6.639139,14.253519,5.2846427,4.23964,1.311988,1.6774027,-8.827543,-7.961179,-1.4682176,0.68604124,-3.3721879,-7.8763433,-3.8862896,-2.4020853,0.90750664,0.3203589,-6.0337334,-3.4192963,3.387546,7.30306,1.2219377,0.53426623,3.8894553,4.3834515,1.818089,4.3040094,4.9706655,-2.1674833,-2.547732,-7.59762,-7.706019,-9.625809,-6.817535,-3.6005597,-11.237351,-2.5666323,-7.432885,-19.404596,-16.52409,-8.962898,-8.786491,-2.872171,0.993117,-2.2850695,-4.543902,0.011196524,5.406622,1.0021653,3.1772847,10.074158,10.367803,10.297049,4.565645,5.582338,3.3921192,3.1428256,9.90742,3.1556518,0.76150644,0.0,0.0,0.0,0.0,0.0,0.0,0.0,0.0,0.0,0.0,0.0,0.0,0.0,0.0,0.0,0.0,0.0,0.0,0.0,0.0,0.0,0.0,0.0,0.0,0.0,0.0,0.0,0.0,0.0,0.0,0.0,0.0,0.0,0.0,0.0,0.0,0.0,0.0,0.0,0.0,0.0,0.0,0.0,0.0,0.0,0.0,0.0,0.0,0.0,0.0,0.0,0.0,0.0,0.0,0.0,0.0,0.0,0.0,0.0,0.0,0.0,0.0,0.0,0.0,0.0,0.0,0.0,0.0,0.0,0.0,0.0,0.0,0.0,0.0,0.0,0.0,0.0,0.0,0.0,0.0,0.0,0.0,0.0,0.0,0.0,0.0,0.0,0.0,0.0,0.0,0.0,0.0,0.0,0.0,0.0,0.0,0.0,0.0,0.0,0.0,0.0,0.0,0.0,0.0,0.0,0.0,0.0,0.0,0.0,0.0,0.0,0.0,0.0,0.0,0.0,0.0,0.0,0.0,0.0,0.0,0.0,0.0,0.0,0.0,0.0,0.0,0.0,0.0,0.0,0.0,0.0,0.0,0.0,0.0,0.0,0.0,0.0,0.0,0.0,0.0,0.0,0.0,0.0,0.0,0.0,0.0,0.0,0.0,0.0,0.0,0.0,0.0,0.0,0.0,0.0,0.0,0.0,0.0,0.0,0.0,0.0,0.0,0.0,0.0,0.0,0.0,0.0,0.0,0.0,0.0,0.0,0.0,0.0,0.0,0.0,0.0,0.0,0.0,0.0,0.0,0.0,0.0,0.0,0.0,0.0,0.0,0.0,0.0,0.0,0.0,0.0,0.0,0.0,0.0,0.0,0.0,0.0,0.0,0.0,0.0,0.0,0.0,0.0,0.0,0.0,0.0,0.0,0.0,0.0,0.0,0.0,0.0,0.0,0.0,0.0,0.0,0.0,0.0,0.0,0.0,0.0,0.0,0.0,0.0,0.0,0.0,0.0,0.0,0.0,0.0,0.0,0.0,0.0,0.0,0.0,0.0,0.0,0.0,0.0,0.0,0.0,0.0,0.0,0.0,0.0,0.0,0.0,0.0,0.0,0.0,0.0,0.0,0.0,0.0,0.0,0.0,0.0,0.0,0.0,0.0,0.0,0.0,0.0,0.0,0.0,0.0,0.0,0.0,0.0,0.0,0.0,0.0,0.0,0.0,0.0,0.0,0.0,0.0,0.0,0.0,0.0,0.0,0.0,0.0,0.0,0.0,0.0,0.0,0.0,0.0,0.0,0.0,0.0,0.0,0.0,0.0,0.0,0.0,0.0,0.0,0.0,0.0,0.0,0.0,0.0,0.0,0.0,0.0,0.0,0.0,0.0,0.0,0.0,0.0,0.0,0.0,0.0,0.0,0.0,0.0,0.0,0.0,0.0,0.0,0.0,0.0,0.0,0.0,0.0,0.0,0.0,0.0,0.0,0.0,0.0,0.0,0.0,0.0,0.0,0.0,0.0,0.0,0.0,0.0,0.0,0.0
6.84095,5.3159986,-2.9678087,-6.155978,-3.58832,-4.3730936,-8.605099,-6.1669827,-4.438157,-2.6647027,-2.77336,-0.2678784,-1.1724739,-0.029166088,-0.035595417,5.0022297,5.52791,6.6000557,1.7915711,2.0677114,-1.1731601,-5.287478,-5.9829497,-6.8706617,-7.2482,-2.5522292,4.149226,1.2775862,1.0730232,0.036912084,-6.203826,-8.339916,-4.5014977,0.8965144,-1.7185963,-0.22260976,-1.1371783,-5.960983,-1.208022,9.333213,12.80221,6.9660254,-1.8498263,-0.6634356,2.9211588,2.356379,2.432572,1.8248458,8.22099,10.958938,7.919268,2.3574529,4.366943,5.947567,-3.7348619,-5.584609,-4.3390064,-4.4672976,-4.5703325,-9.515409,-10.233608,-2.95527,9.400551,-0.10196704,3.9599042,6.1462164,6.032116,3.1333528,-0.15833402,-4.569192,1.0917163,6.250349,3.7208269,4.572577,6.8361473,4.887004,3.3105097,6.9468813,5.2331467,1.3705115,0.45118237,1.085005,-3.3663619,-8.593646,-5.889036,-4.1076202,-7.7961698,-4.066004,1.7797287,10.412109,3.7907834,0.8636546,7.2124023,4.0847936,2.2571068,7.3933377,7.690567,8.992352,1.5847875,0.9182811,-3.605085,-3.3588755,7.922577,8.584839,9.273833,7.2347217,5.4065504,0.68695664,-2.3174496,-1.097019,-1.6052532,4.1576915,4.467272,2.07881,-1.795837,-1.654182,2.7436478,4.297575,1.2393193,-0.74061364,5.090919,6.2158356,-3.2406225,-2.5148556,-1.0512393,-1.4040139,2.8244,8.80202,7.3897114,0.85661423,5.240712,1.213798,7.109602,4.804471,5.687174,-1.7651203,-1.7396215,-0.88984096,-2.337885,-6.6505823,-5.512372,-4.533331,-3.774376,-2.3627446,0.9699409,6.2034335,3.8380299,5.802405,6.692255,9.146032,4.3192744,-3.4979033,-3.283512,4.5296674,3.844614,8.329238,3.7932425,2.652366,2.6835723,4.721197,8.2296505,8.240349,3.3116446,-2.2262921,-2.9075894,-0.025817752,3.5190036,4.849901,-9.562099,-4.4305277,5.617586,4.308716,-4.2666965,-5.210803,-2.226747,-1.1160903,0.30715156,1.3679249,-0.3762914,0.43634105,2.1730342,-3.219495,2.5136728,3.422255,3.4494529,5.2803993,7.4496746,6.7522225,1.1372651,2.8362517,7.4915485,0.989885,-2.6431308,-1.5981649,9.423676,9.173827,3.9763446,5.1473136,6.2296743,6.2425585,7.841959,2.255654,-5.4707904,-2.799562,-0.40507698,-5.9415855,-8.370839,-2.6350098,4.9870815,5.732498,4.9142528,7.0968523,1.1748588,1.8600112,4.2889786,-0.6985228,-3.7065291,0.5901942,3.570932,7.65371,10.393518,3.177837,0.09318006,1.2159271,1.2003751,-2.9623733,-0.66394305,-1.0837116,-0.9717033,-3.541212,-0.91481614,-5.774421,-13.873568,-11.547872,-0.5237989,3.6395497,-1.0740966,2.6542714,7.1664033,4.5589023,6.4216356,4.908005,2.6502798,-2.563478,-3.0669765,-2.1279292,-0.4926027,-3.2071352,0.5938209,-0.24045613,-1.5186219,0.62480295,-0.13866591,-0.88777137,0.0,0.0,0.0,0.0,0.0,0.0,0.0,0.0,0.0,0.0,0.0,0.0,0.0,0.0,0.0,0.0,0.0,0.0,0.0,0.0,0.0,0.0,0.0,0.0,0.0,0.0,0.0,0.0,0.0,0.0,0.0,0.0,0.0,0.0,0.0,0.0,0.0,0.0,0.0,0.0,0.0,0.0,0.0,0.0,0.0,0.0,0.0,0.0,0.0,0.0,0.0,0.0,0.0,0.0,0.0,0.0,0.0,0.0,0.0,0.0,0.0,0.0,0.0,0.0,0.0,0.0,0.0,0.0,0.0,0.0,0.0,0.0,0.0,0.0,0.0,0.0,0.0,0.0,0.0,0.0,0.0,0.0,0.0,0.0,0.0,0.0,0.0,0.0,0.0,0.0,0.0,0.0,0.0,0.0,0.0,0.0,0.0,0.0,0.0,0.0,0.0,0.0,0.0,0.0,0.0,0.0,0.0,0.0,0.0,0.0,0.0,0.0,0.0,0.0,0.0,0.0,0.0,0.0,0.0,0.0,0.0,0.0,0.0,0.0,0.0,0.0,0.0,0.0,0.0,0.0,0.0,0.0,0.0,0.0,0.0,0.0,0.0,0.0,0.0,0.0,0.0,0.0,0.0,0.0,0.0,0.0,0.0,0.0,0.0,0.0,0.0,0.0,0.0,0.0,0.0,0.0,0.0,0.0,0.0,0.0,0.0,0.0,0.0,0.0,0.0,0.0,0.0,0.0,0.0,0.0,0.0,0.0,0.0,0.0,0.0,0.0,0.0,0.0,0.0,0.0,0.0,0.0,0.0,0.0,0.0,0.0,0.0,0.0,0.0,0.0,0.0,0.0,0.0,0.0,0.0,0.0,0.0,0.0,0.0,0.0,0.0,0.0,0.0,0.0,0.0,0.0,0.0,0.0,0.0,0.0,0.0,0.0,0.0,0.0,0.0,0.0,0.0,0.0,0.0,0.0,0.0,0.0,0.0,0.0,0.0,0.0,0.0,0.0,0.0,0.0,0.0,0.0,0.0,0.0,0.0,0.0,0.0,0.0,0.0,0.0,0.0,0.0,0.0,0.0,0.0,0.0,0.0,0.0,0.0,0.0,0.0,0.0,0.0,0.0,0.0,0.0,0.0,0.0,0.0,0.0,0.0,0.0,0.0,0.0,0.0,0.0,0.0,0.0,0.0,0.0,0.0,0.0,0.0,0.0,0.0,0.0,0.0,0.0,0.0,0.0,0.0,0.0,0.0,0.0,0.0,0.0,0.0,0.0,0.0,0.0,0.0,0.0,0.0,0.0,0.0,0.0,0.0,0.0,0.0,0.0,0.0,0.0,0.0,0.0,0.0,0.0,0.0,0.0,0.0,0.0,0.0,0.0,0.0,0.0,0.0,0.0,0.0,0.0,0.0,0.0,0.0,0.0,0.0,0.0,0.0,0.0,0.0,0.0,0.0,0.0,0.0,0.0,0.0,0.0,0.0,0.0,0.0,0.0,0.0,0.0,0.0,0.0,0.0,0.0,0.0,0.0
0.34251702,2.593655,0.4212861,-2.9727964,-3.504,-2.246841,-3.931859,-5.030953,-3.4270976,-0.024189837,-0.00083613396,-3.1423843,-8.098872,-3.564916,-2.6608086,5.7453537,9.528608,4.4313073,1.0360627,4.104995,-3.9029408,-1.1816608,1.7427789,-1.2379696,0.50258875,0.77191424,4.3685937,0.46020532,-0.41915393,1.5699291,1.270694,0.28414035,-2.413457,2.3198342,6.1467943,4.0505924,2.5584784,4.128173,3.4765759,7.3235397,8.784829,2.7477884,-3.144914,0.98202056,5.7619247,3.2834048,-4.1699734,-2.9979684,5.4288263,6.9288416,3.9894829,3.988333,4.047821,3.9895515,3.305097,6.3410482,5.0218635,1.4842346,1.3214836,-3.6170652,-1.2055438,2.4301524,1.0767735,3.5090232,0.21512243,0.6582724,0.53168386,-4.466337,-3.1392403,4.350816,5.2632303,3.77534,1.0795631,0.49229226,0.98469216,2.0011318,1.7092574,3.052409,-2.3819187,-7.4032707,-6.547266,-5.211665,-0.34865403,3.0312514,5.1691766,7.870104,5.8386736,7.9797688,1.0871379,1.3864686,-1.1982849,-4.139707,-0.8537108,-0.49834985,6.033983,4.656902,1.7894968,4.057643,0.6176977,-0.8295356,1.0151265,-3.31912,-0.6520857,1.6820948,0.98049843,2.0530064,6.151146,1.8281679,0.8522605,0.07089788,-0.36339825,-0.7416481,2.9043775,-0.92722607,-7.6854963,-10.2143,-2.8325562,0.6040702,-3.1817417,-5.756075,-0.13066988,2.6380877,-3.766519,-4.1976166,-3.7191682,-1.7757976,2.4212105,1.9495893,-5.507292,-1.2706935,4.6307106,1.3670993,-1.7669199,4.0008097,7.062442,3.186197,1.6145381,7.1015625,15.325811,11.156833,-1.8880999,-7.4955745,-3.0185483,-1.304431,-2.6196327,0.61560684,3.174774,7.186484,1.3808988,2.7443922,3.2195776,-1.0640666,3.8068118,8.3393955,7.037331,12.119915,4.191128,-5.105378,-4.1585135,2.1879427,2.2902772,3.3310225,7.042078,4.4803452,-4.2776737,-4.2435403,0.4477343,1.6044279,-1.9924523,-2.254646,1.0187683,4.268542,0.33177352,-3.6681945,-2.1835442,-4.0892444,0.049577713,2.3173072,2.1842828,-2.2562606,-0.5883256,2.6380167,12.588726,7.2858095,3.8640966,2.5763743,4.974839,2.7509925,6.154152,8.46697,11.535444,4.435924,1.6249211,-0.29284075,8.920095,4.509028,-5.506063,0.051617503,-1.8623483,-0.19822657,4.655033,4.395077,-0.5786504,-1.6930594,-1.7177832,-2.3071914,-7.202222,-6.7681894,2.4469085,5.3049703,-0.055677176,0.10064113,-1.7020952,0.67468065,5.1578054,10.925659,11.849873,9.774874,8.85363,-2.1005511,-2.7058163,0.7568776,-2.242854,-3.6352863,1.0406921,-5.751288,-9.102054,-7.0347166,-3.1966405,-0.76935655,-5.2556334,0.8428403,6.2179627,5.3851013,4.1798415,8.3925495,6.084188,7.4369793,12.447177,5.751134,4.865493,2.8392239,-2.1001534,-9.299402,-8.454585,-0.11969167,4.4130535,3.7511182,1.2607791,5.6213074,5.670364,0.8123586,2.2764053,7.4714336,0.0,0.0,0.0,0.0,0.0,0.0,0.0,0.0,0.0,0.0,0.0,0.0,0.0,0.0,0.0,0.0,0.0,0.0,0.0,0.0,0.0,0.0,0.0,0.0,0.0,0.0,0.0,0.0,0.0,0.0,0.0,0.0,0.0,0.0,0.0,0.0,0.0,0.0,0.0,0.0,0.0,0.0,0.0,0.0,0.0,0.0,0.0,0.0,0.0,0.0,0.0,0.0,0.0,0.0,0.0,0.0,0.0,0.0,0.0,0.0,0.0,0.0,0.0,0.0,0.0,0.0,0.0,0.0,0.0,0.0,0.0,0.0,0.0,0.0,0.0,0.0,0.0,0.0,0.0,0.0,0.0,0.0,0.0,0.0,0.0,0.0,0.0,0.0,0.0,0.0,0.0,0.0,0.0,0.0,0.0,0.0,0.0,0.0,0.0,0.0,0.0,0.0,0.0,0.0,0.0,0.0,0.0,0.0,0.0,0.0,0.0,0.0,0.0,0.0,0.0,0.0,0.0,0.0,0.0,0.0,0.0,0.0,0.0,0.0,0.0,0.0,0.0,0.0,0.0,0.0,0.0,0.0,0.0,0.0,0.0,0.0,0.0,0.0,0.0,0.0,0.0,0.0,0.0,0.0,0.0,0.0,0.0,0.0,0.0,0.0,0.0,0.0,0.0,0.0,0.0,0.0,0.0,0.0,0.0,0.0,0.0,0.0,0.0,0.0,0.0,0.0,0.0,0.0,0.0,0.0,0.0,0.0,0.0,0.0,0.0,0.0,0.0,0.0,0.0,0.0,0.0,0.0,0.0,0.0,0.0,0.0,0.0,0.0,0.0,0.0,0.0,0.0,0.0,0.0,0.0,0.0,0.0,0.0,0.0,0.0,0.0,0.0,0.0,0.0,0.0,0.0,0.0,0.0,0.0,0.0,0.0,0.0,0.0,0.0,0.0,0.0,0.0,0.0,0.0,0.0,0.0,0.0,0.0,0.0,0.0,0.0,0.0,0.0,0.0,0.0,0.0,0.0,0.0,0.0,0.0,0.0,0.0,0.0,0.0,0.0,0.0,0.0,0.0,0.0,0.0,0.0,0.0,0.0,0.0,0.0,0.0,0.0,0.0,0.0,0.0,0.0,0.0,0.0,0.0,0.0,0.0,0.0,0.0,0.0,0.0,0.0,0.0,0.0,0.0,0.0,0.0,0.0,0.0,0.0,0.0,0.0,0.0,0.0,0.0,0.0,0.0,0.0,0.0,0.0,0.0,0.0,0.0,0.0,0.0,0.0,0.0,0.0,0.0,0.0,0.0,0.0,0.0,0.0,0.0,0.0,0.0,0.0,0.0,0.0,0.0,0.0,0.0,0.0,0.0,0.0,0.0,0.0,0.0,0.0,0.0,0.0,0.0,0.0,0.0,0.0,0.0,0.0,0.0,0.0,0.0,0.0,0.0,0.0,0.0,0.0,0.0,0.0,0.0,0.0,0.0,0.0,0.0,0.0,0.0,0.0,0.0,0.0,0.0,0.0,0.0,0.0
-1.4839752,2.953138,1.7335807,-2.5572028,-3.2800522,-3.859851,0.30935127,2.1263092,1.718166,1.6762975,3.9126024,1.2205732,-4.698765,1.3176184,1.1198756,1.7844211,5.0602674,-2.0114863,-1.0785711,3.0565147,4.2012844,8.317954,6.1894455,1.0148346,3.3623824,5.492482,6.1953773,8.614696,4.196821,4.5960894,-0.058124065,-0.2784202,1.4100707,-0.18648607,3.8004026,2.6633654,4.2994866,10.189405,5.535016,-0.28028893,-5.725209,-2.709298,-2.0619342,-3.5388083,-2.242445,-2.3125174,-0.1936397,2.1132998,5.9033575,0.9196751,-3.2948318,1.1934487,4.428878,3.848456,6.2677517,6.4580197,0.16337615,-2.4014416,1.5654428,8.0276985,7.5632925,4.2910995,-7.5827975,0.62023646,5.7954583,2.42625,-0.15121222,-3.3209982,-1.0144935,-2.5456436,0.58592606,2.302237,2.1002083,0.103326395,4.8716536,7.1359754,-0.6089164,-0.9757135,4.639784,5.2924433,0.057771683,1.1724159,11.257969,10.960819,4.9587946,8.290246,3.9722943,-2.597993,-7.638689,2.0113246,4.9965215,3.7328644,3.658704,4.124688,12.361706,4.7232656,-0.35440242,0.27416295,3.7080116,7.5290318,5.329552,-3.0090108,-4.9976845,-2.819433,-4.195086,-3.6531649,1.0262349,3.0624304,-1.1995277,-4.453329,-7.7641697,-6.585484,3.2245913,4.6152167,1.0928018,-1.8508307,5.092904,4.926152,4.612409,2.920499,4.8229628,5.104506,2.8524423,5.4696984,3.0640805,2.5680017,-4.394681,-6.718602,-8.040428,0.38839403,1.1250072,3.4308162,1.1925582,0.30546904,3.577195,6.3880534,1.9864148,-0.57318544,2.667661,7.407526,5.582205,5.58917,5.4050283,7.1412077,6.9646826,1.2616868,-4.9314785,-4.2677474,-5.194838,-1.2359514,7.243247,8.278881,8.8216095,9.016022,6.350013,4.5938196,4.5166035,5.281846,4.439982,2.2386308,-2.291904,-1.6620243,2.740972,9.333017,11.240257,11.07889,5.690424,-0.34655383,0.8737925,1.483515,1.7995458,12.801616,13.056211,11.576944,16.127666,11.213434,-1.3542144,-1.8847108,-3.93256,-0.6629758,0.1455729,-8.986278,-3.8574195,-1.2012787,-1.019589,-1.5535066,-7.3158684,-9.548653,-0.6189498,-0.29665995,5.360185,3.6531148,1.7236531,-1.3030589,4.8260355,3.539146,-2.7187128,2.0551124,-1.3178799,-0.9876497,-1.3149378,0.38803768,5.5598173,3.8249211,-0.58094764,5.8529444,4.1687365,-4.745495,-2.8866713,2.5679402,2.6199577,-0.7086557,-0.49331927,-1.195416,-8.693037,0.5231041,1.2671158,3.5675297,5.3302608,3.896646,2.4170241,0.34878695,3.3955116,2.8446736,5.78855,7.744522,8.839034,10.371908,8.447996,-1.6113458,-7.4008093,-7.2341166,-3.85247,-3.4418745,0.7164366,6.4342036,4.7399044,-1.5642707,-3.2445507,1.2830803,4.972597,2.289311,0.8834336,-0.68421036,0.8891655,4.4481936,5.7358713,8.742865,5.2414846,6.3879623,8.133376,8.043594,7.892484,13.8198595,0.0,0.0,0.0,0.0,0.0,0.0,0.0,0.0,0.0,0.0,0.0,0.0,0.0,0.0,0.0,0.0,0.0,0.0,0.0,0.0,0.0,0.0,0.0,0.0,0.0,0.0,0.0,0.0,0.0,0.0,0.0,0.0,0.0,0.0,0.0,0.0,0.0,0.0,0.0,0.0,0.0,0.0,0.0,0.0,0.0,0.0,0.0,0.0,0.0,0.0,0.0,0.0,0.0,0.0,0.0,0.0,0.0,0.0,0.0,0.0,0.0,0.0,0.0,0.0,0.0,0.0,0.0,0.0,0.0,0.0,0.0,0.0,0.0,0.0,0.0,0.0,0.0,0.0,0.0,0.0,0.0,0.0,0.0,0.0,0.0,0.0,0.0,0.0,0.0,0.0,0.0,0.0,0.0,0.0,0.0,0.0,0.0,0.0,0.0,0.0,0.0,0.0,0.0,0.0,0.0,0.0,0.0,0.0,0.0,0.0,0.0,0.0,0.0,0.0,0.0,0.0,0.0,0.0,0.0,0.0,0.0,0.0,0.0,0.0,0.0,0.0,0.0,0.0,0.0,0.0,0.0,0.0,0.0,0.0,0.0,0.0,0.0,0.0,0.0,0.0,0.0,0.0,0.0,0.0,0.0,0.0,0.0,0.0,0.0,0.0,0.0,0.0,0.0,0.0,0.0,0.0,0.0,0.0,0.0,0.0,0.0,0.0,0.0,0.0,0.0,0.0,0.0,0.0,0.0,0.0,0.0,0.0,0.0,0.0,0.0,0.0,0.0,0.0,0.0,0.0,0.0,0.0,0.0,0.0,0.0,0.0,0.0,0.0,0.0,0.0,0.0,0.0,0.0,0.0,0.0,0.0,0.0,0.0,0.0,0.0,0.0,0.0,0.0,0.0,0.0,0.0,0.0,0.0,0.0,0.0,0.0,0.0,0.0,0.0,0.0,0.0,0.0,0.0,0.0,0.0,0.0,0.0,0.0,0.0,0.0,0.0,0.0,0.0,0.0,0.0,0.0,0.0,0.0,0.0,0.0,0.0,0.0,0.0,0.0,0.0,0.0,0.0,0.0,0.0,0.0,0.0,0.0,0.0,0.0,0.0,0.0,0.0,0.0,0.0,0.0,0.0,0.0,0.0,0.0,0.0,0.0,0.0,0.0,0.0,0.0,0.0,0.0,0.0,0.0,0.0,0.0,0.0,0.0,0.0,0.0,0.0,0.0,0.0,0.0,0.0,0.0,0.0,0.0,0.0,0.0,0.0,0.0,0.0,0.0,0.0,0.0,0.0,0.0,0.0,0.0,0.0,0.0,0.0,0.0,0.0,0.0,0.0,0.0,0.0,0.0,0.0,0.0,0.0,0.0,0.0,0.0,0.0,0.0,0.0,0.0,0.0,0.0,0.0,0.0,0.0,0.0,0.0,0.0,0.0,0.0,0.0,0.0,0.0,0.0,0.0,0.0,0.0,0.0,0.0,0.0,0.0,0.0,0.0,0.0,0.0,0.0,0.0,0.0,0.0,0.0,0.0
1.0940979,4.2094183,3.168253,-1.1033405,-4.689468,-4.0003767,-1.1507716,-0.04420164,-0.012196839,5.6275177,7.4787292,3.2051349,1.0362275,2.0235825,1.9980698,2.262125,2.1022809,-2.1304238,0.2973693,2.4447305,0.09233044,2.5932937,1.0335009,-0.51999485,-0.36194816,-1.2733849,-0.4928522,4.056616,3.9103258,7.9495535,6.071002,-0.6006466,-1.7808517,-1.8033085,8.237626,9.94733,11.738844,8.366828,4.923364,-2.3691177,-5.0037804,0.87994003,0.8835168,4.4153266,5.015647,7.7093434,7.3151135,0.04485047,-4.619355,-7.0494037,-0.23611748,-2.2087884,-0.9007477,2.3641849,4.6498766,0.72250795,0.9880505,0.581757,0.722355,5.43904,2.3603954,3.5851643,-1.5486455,-3.5036016,-3.900765,-0.528395,2.270436,-3.380921,2.7177768,1.8019235,3.2793324,3.5315087,6.9116926,9.483879,5.5081873,-1.0367861,-4.932911,-4.015568,5.8678617,3.4426327,-0.327564,-1.9309101,1.7529244,0.13535577,-3.3484945,-0.4155073,5.3024645,-0.58158433,-6.7181234,-2.711384,-3.3660586,-3.9661508,-1.1642298,-2.1813583,3.5164177,-6.7027974,-4.889676,2.4227085,1.7976444,-0.18695235,-0.86021554,-2.4959517,-0.43105412,-0.56400025,7.1319437,11.776149,4.5908318,3.067141,0.80471355,-2.9864867,1.395359,6.450876,3.1085346,-0.49141717,-1.0920951,1.2051548,-2.2765234,-4.045749,-2.575414,2.0708306,4.272303,5.6643524,3.3711336,2.696192,2.4112744,1.8713875,-4.3507466,-0.019264579,1.9736292,6.0173235,2.241162,7.955098,19.623579,15.100949,13.503618,9.102209,4.075206,6.282375,8.583326,7.4049096,-0.5946162,-1.1801407,5.874797,5.6913958,9.704124,6.172949,-5.053367,-5.089035,-1.1230292,-0.55117273,9.248085,8.951394,7.2117434,8.213058,7.3189325,7.8259077,7.4771976,1.6962383,-1.5656059,-7.0814843,-17.029177,-17.82072,-16.741394,-9.618337,-4.543368,0.89521,-0.5377598,0.65743375,2.3816047,5.393769,4.1614685,6.908198,6.0216217,13.206891,16.876858,13.524979,7.4232025,11.517569,8.427239,5.8121595,9.636223,2.5348175,-4.001387,-1.9667797,8.594675,11.323939,4.3300304,0.6126683,2.4568949,-4.079112,1.424216,3.1094809,-0.6810645,-3.761395,-0.668298,0.7135943,1.2134631,6.870379,2.6428194,4.255051,-0.09537054,-3.8999877,0.28390574,2.463538,2.7295916,5.7348204,7.437704,2.664185,-4.1486864,-1.6648593,4.9630566,5.583376,4.192253,5.3991504,0.38542145,-1.5561903,-3.350923,4.911641,4.560987,9.41387,5.466471,-2.31654,-8.9574375,-6.5175314,-0.8401494,-2.6742265,1.4256198,3.509447,4.9806967,-3.066471,-12.493706,-9.617519,-2.2446558,-5.6122217,-1.0568516,4.2407255,4.0893373,0.25655556,3.6851454,8.836775,7.681297,0.58021283,3.8757262,11.083973,8.489492,8.704065,9.0288105,8.723042,6.2985115,1.221308,3.5324664,7.4465485,8.672667,9.973368,0.0,0.0,0.0,0.0,0.0,0.0,0.0,0.0,0.0,0.0,0.0,0.0,0.0,0.0,0.0,0.0,0.0,0.0,0.0,0.0,0.0,0.0,0.0,0.0,0.0,0.0,0.0,0.0,0.0,0.0,0.0,0.0,0.0,0.0,0.0,0.0,0.0,0.0,0.0,0.0,0.0,0.0,0.0,0.0,0.0,0.0,0.0,0.0,0.0,0.0,0.0,0.0,0.0,0.0,0.0,0.0,0.0,0.0,0.0,0.0,0.0,0.0,0.0,0.0,0.0,0.0,0.0,0.0,0.0,0.0,0.0,0.0,0.0,0.0,0.0,0.0,0.0,0.0,0.0,0.0,0.0,0.0,0.0,0.0,0.0,0.0,0.0,0.0,0.0,0.0,0.0,0.0,0.0,0.0,0.0,0.0,0.0,0.0,0.0,0.0,0.0,0.0,0.0,0.0,0.0,0.0,0.0,0.0,0.0,0.0,0.0,0.0,0.0,0.0,0.0,0.0,0.0,0.0,0.0,0.0,0.0,0.0,0.0,0.0,0.0,0.0,0.0,0.0,0.0,0.0,0.0,0.0,0.0,0.0,0.0,0.0,0.0,0.0,0.0,0.0,0.0,0.0,0.0,0.0,0.0,0.0,0.0,0.0,0.0,0.0,0.0,0.0,0.0,0.0,0.0,0.0,0.0,0.0,0.0,0.0,0.0,0.0,0.0,0.0,0.0,0.0,0.0,0.0,0.0,0.0,0.0,0.0,0.0,0.0,0.0,0.0,0.0,0.0,0.0,0.0,0.0,0.0,0.0,0.0,0.0,0.0,0.0,0.0,0.0,0.0,0.0,0.0,0.0,0.0,0.0,0.0,0.0,0.0,0.0,0.0,0.0,0.0,0.0,0.0,0.0,0.0,0.0,0.0,0.0,0.0,0.0,0.0,0.0,0.0,0.0,0.0,0.0,0.0,0.0,0.0,0.0,0.0,0.0,0.0,0.0,0.0,0.0,0.0,0.0,0.0,0.0,0.0,0.0,0.0,0.0,0.0,0.0,0.0,0.0,0.0,0.0,0.0,0.0,0.0,0.0,0.0,0.0,0.0,0.0,0.0,0.0,0.0,0.0,0.0,0.0,0.0,0.0,0.0,0.0,0.0,0.0,0.0,0.0,0.0,0.0,0.0,0.0,0.0,0.0,0.0,0.0,0.0,0.0,0.0,0.0,0.0,0.0,0.0,0.0,0.0,0.0,0.0,0.0,0.0,0.0,0.0,0.0,0.0,0.0,0.0,0.0,0.0,0.0,0.0,0.0,0.0,0.0,0.0,0.0,0.0,0.0,0.0,0.0,0.0,0.0,0.0,0.0,0.0,0.0,0.0,0.0,0.0,0.0,0.0,0.0,0.0,0.0,0.0,0.0,0.0,0.0,0.0,0.0,0.0,0.0,0.0,0.0,0.0,0.0,0.0,0.0,0.0,0.0,0.0,0.0,0.0,0.0,0.0,0.0,0.0,0.0,0.0,0.0,0.0,0.0,0.0
0.42773688,0.6833489,-4.147166,-2.1869113,3.706169,6.948364,4.893848,0.44581997,-0.76009893,7.1309276,7.0692883,-0.58982766,-3.743831,-1.3430624,0.81242627,2.0165753,3.739848,4.0618877,7.5389185,2.7933192,-0.64213043,0.6683715,5.981951,5.580047,0.7785251,0.7256366,4.712772,6.978616,7.1196074,11.1877985,8.292963,-1.0658414,-0.28861105,3.2676773,6.3857393,3.277929,5.0404468,2.0942662,5.2366133,-1.1670771,-9.07954,-8.478842,-4.0341215,-3.0351925,-4.928649,2.3635635,10.32836,3.8855255,0.5783163,1.3140216,0.52309114,-2.0136092,4.4447207,6.876239,9.066145,6.065302,12.836649,12.564524,5.4121027,8.858436,10.592289,6.4883857,4.186572,0.30814874,-2.2597241,9.239489,16.878582,10.738164,8.264838,6.5563474,3.5241327,1.4066836,4.734576,7.4217043,7.7755346,2.8928094,0.6109838,-1.9313371,3.4882593,0.77030325,1.2368357,2.36402,0.94493645,-0.9521467,4.1434736,-1.1131945,-1.4934403,-0.7397369,-2.3839178,4.2000465,4.843992,9.575824,13.997462,4.4423523,6.7352705,3.048061,1.1558508,5.4247313,4.365122,6.969922,9.1851425,15.289737,12.657959,10.106424,14.516733,14.222934,5.2727456,0.9929464,1.5938011,1.6381513,8.31308,10.93124,9.482989,6.5557947,5.963621,7.026147,2.9574616,1.0736191,0.29246235,3.8509245,8.110357,11.855888,12.505313,6.266407,5.0936484,8.320152,8.50783,1.0321398,-2.7871702,-0.31839144,-1.1042163,3.0077224,0.09217811,-5.321971,-5.2916236,-9.062203,-6.0028343,2.6227558,5.0683994,-0.004932046,3.994207,4.2364583,-0.24662524,-7.656827,-3.0078962,-0.53147537,-4.034358,3.9983072,8.114766,6.626464,8.11195,1.9564924,2.6831625,5.7379327,3.6790154,5.758214,5.0736847,5.6408067,8.7200775,9.850197,0.49164966,-1.5278425,5.513371,11.129766,11.576254,14.038345,11.21424,8.915173,6.2772036,10.606695,10.8965,1.7238271,-3.5107908,-4.1266537,-7.360383,-10.11985,-2.3138604,0.5550891,2.6751025,1.3072195,5.104849,6.2926836,5.453965,1.7142849,4.333672,8.694699,7.981064,6.48134,1.3855774,-0.88189423,10.569434,12.442881,9.810999,7.1526766,4.9978685,3.4411972,0.75190544,0.83181155,6.4845223,9.191543,9.6078,7.0058985,3.9153967,10.489983,13.207568,7.8199077,9.963788,13.42315,6.818145,9.376741,12.674885,7.058073,1.8317616,0.20149231,2.734758,2.006709,-1.2071924,2.2828622,0.62263954,0.03973019,1.4345224,6.576967,7.6486278,4.11143,5.9970727,7.3670707,11.043319,15.048051,14.882477,3.8090656,-8.431032,-7.5304756,0.76924837,-0.4438604,0.85570574,1.0577646,3.2107656,6.0709805,12.846503,3.9688654,-3.0563772,-5.4228477,-4.337406,4.2277265,4.2894444,2.614344,2.0286126,1.485267,-3.6656055,-3.4672503,-2.4652336,-0.11788005,1.3899691,1.0859038,0.0,0.0,0.0,0.0,0.0,0.0,0.0,0.0,0.0,0.0,0.0,0.0,0.0,0.0,0.0,0.0,0.0,0.0,0.0,0.0,0.0,0.0,0.0,0.0,0.0,0.0,0.0,0.0,0.0,0.0,0.0,0.0,0.0,0.0,0.0,0.0,0.0,0.0,0.0,0.0,0.0,0.0,0.0,0.0,0.0,0.0,0.0,0.0,0.0,0.0,0.0,0.0,0.0,0.0,0.0,0.0,0.0,0.0,0.0,0.0,0.0,0.0,0.0,0.0,0.0,0.0,0.0,0.0,0.0,0.0,0.0,0.0,0.0,0.0,0.0,0.0,0.0,0.0,0.0,0.0,0.0,0.0,0.0,0.0,0.0,0.0,0.0,0.0,0.0,0.0,0.0,0.0,0.0,0.0,0.0,0.0,0.0,0.0,0.0,0.0,0.0,0.0,0.0,0.0,0.0,0.0,0.0,0.0,0.0,0.0,0.0,0.0,0.0,0.0,0.0,0.0,0.0,0.0,0.0,0.0,0.0,0.0,0.0,0.0,0.0,0.0,0.0,0.0,0.0,0.0,0.0,0.0,0.0,0.0,0.0,0.0,0.0,0.0,0.0,0.0,0.0,0.0,0.0,0.0,0.0,0.0,0.0,0.0,0.0,0.0,0.0,0.0,0.0,0.0,0.0,0.0,0.0,0.0,0.0,0.0,0.0,0.0,0.0,0.0,0.0,0.0,0.0,0.0,0.0,0.0,0.0,0.0,0.0,0.0,0.0,0.0,0.0,0.0,0.0,0.0,0.0,0.0,0.0,0.0,0.0,0.0,0.0,0.0,0.0,0.0,0.0,0.0,0.0,0.0,0.0,0.0,0.0,0.0,0.0,0.0,0.0,0.0,0.0,0.0,0.0,0.0,0.0,0.0,0.0,0.0,0.0,0.0,0.0,0.0,0.0,0.0,0.0,0.0,0.0,0.0,0.0,0.0,0.0,0.0,0.0,0.0,0.0,0.0,0.0,0.0,0.0,0.0,0.0,0.0,0.0,0.0,0.0,0.0,0.0,0.0,0.0,0.0,0.0,0.0,0.0,0.0,0.0,0.0,0.0,0.0,0.0,0.0,0.0,0.0,0.0,0.0,0.0,0.0,0.0,0.0,0.0,0.0,0.0,0.0,0.0,0.0,0.0,0.0,0.0,0.0,0.0,0.0,0.0,0.0,0.0,0.0,0.0,0.0,0.0,0.0,0.0,0.0,0.0,0.0,0.0,0.0,0.0,0.0,0.0,0.0,0.0,0.0,0.0,0.0,0.0,0.0,0.0,0.0,0.0,0.0,0.0,0.0,0.0,0.0,0.0,0.0,0.0,0.0,0.0,0.0,0.0,0.0,0.0,0.0,0.0,0.0,0.0,0.0,0.0,0.0,0.0,0.0,0.0,0.0,0.0,0.0,0.0,0.0,0.0,0.0,0.0,0.0,0.0,0.0,0.0,0.0,0.0,0.0,0.0,0.0,0.0,0.0,0.0,0.0,0.0,0.0
0.7608783,1.2268215,-1.8263152,0.0036370158,6.548556,10.591455,7.202379,-1.2439768,-0.2923298,6.9970098,5.7832527,-1.6619259,-5.3903685,1.4539633,1.8075144,0.4445119,4.3371882,4.7561555,8.073896,0.92641807,-1.9183985,-2.2215734,1.2372658,7.3534727,7.8710356,4.8050165,5.1582694,0.53837705,-0.70151657,-0.85436743,-2.9835443,0.51790416,1.419461,0.37739575,0.72177786,3.0594728,3.0084271,0.6864588,4.169708,4.6724205,-0.5965555,0.36070216,7.095631,6.0862904,-0.52031916,-2.4740467,2.6391392,4.9891763,2.0109887,-6.5833006,-9.124981,-5.306244,-3.243326,-1.4930863,-4.050374,-9.387942,-8.413271,-6.0236807,-1.561363,6.8641195,5.5714846,1.6294367,1.7872266,0.21213494,-4.90584,-4.9630375,-4.071455,-2.4527767,-4.011709,-1.5831597,-0.43085432,0.5758175,4.683148,3.885929,4.141019,1.9147905,-2.2325964,-0.68164086,3.9480755,4.110471,4.3579793,7.6824117,9.226034,5.9916925,4.424653,2.9178114,5.757704,5.9427056,-3.1234455,-3.1560779,-4.5657516,0.8080106,9.804691,7.6234264,-0.3868369,-4.072557,-0.44676268,0.23079991,-7.8029175,-7.108591,-3.6437588,-0.27788687,1.8342801,6.3096943,9.277839,7.479482,2.38977,1.9764359,4.994915,-2.2776484,-3.8972063,3.3647265,4.725301,2.3068452,1.4315579,3.3675246,-1.5092249,-5.388916,0.032049894,1.3082199,0.42849046,1.251467,2.8479903,-1.9790436,-2.1405296,5.5736465,9.063501,1.5427324,-0.66441023,1.0861093,-1.0441357,0.6443832,-2.5767767,4.8521576,5.360709,6.7974963,5.6982455,8.800498,2.6280756,-7.7003593,-0.75286126,0.8151625,1.3469672,-1.2067096,-3.3782492,1.9790714,2.19012,5.007019,9.250746,2.216731,-0.054977387,-0.8322512,5.430024,7.4253855,6.4194994,0.8446009,4.188282,4.1341705,2.7880309,5.6706038,2.1646516,-0.03368509,0.28793597,2.423223,1.9159868,0.43177557,-1.5727662,-0.9563965,-4.643525,-8.534326,-9.03875,-5.989744,0.8344166,3.9952657,-1.4776046,-1.8374376,9.108813,-1.2495979,1.5705689,0.7246231,-0.3940271,5.7894754,3.2194445,-6.350267,-8.202792,-1.5729518,0.110947005,7.473443,5.9826727,-4.680977,-2.2821836,4.9282465,8.519462,12.158902,7.9625626,3.798933,-2.6540213,-13.285749,-8.70669,-4.637206,-1.2401991,3.3642128,1.3101457,0.68510103,0.31742126,-4.8634596,-6.776725,-0.1741389,-3.7867491,-6.508765,-3.8688579,-8.974418,-5.214477,-1.7520148,7.056462,7.903098,3.9919927,0.0034245849,0.19350088,-0.23595017,1.965675,-0.13390371,-1.8906767,1.8878182,3.7763228,1.3615932,-6.5898123,-4.6172714,1.2401564,0.14988935,-0.6052902,0.6677257,7.209668,10.232442,11.507079,2.620901,-1.7814951,-1.0899013,0.65981805,-1.7757573,-1.8110175,0.7475575,-2.0357308,-8.957807,-9.694913,-10.245607,-8.776963,-2.0326576,-1.1438069,0.10132116,-0.67924285,4.2403097,1.5780772,-0.5633571,0.0,0.0,0.0,0.0,0.0,0.0,0.0,0.0,0.0,0.0,0.0,0.0,0.0,0.0,0.0,0.0,0.0,0.0,0.0,0.0,0.0,0.0,0.0,0.0,0.0,0.0,0.0,0.0,0.0,0.0,0.0,0.0,0.0,0.0,0.0,0.0,0.0,0.0,0.0,0.0,0.0,0.0,0.0,0.0,0.0,0.0,0.0,0.0,0.0,0.0,0.0,0.0,0.0,0.0,0.0,0.0,0.0,0.0,0.0,0.0,0.0,0.0,0.0,0.0,0.0,0.0,0.0,0.0,0.0,0.0,0.0,0.0,0.0,0.0,0.0,0.0,0.0,0.0,0.0,0.0,0.0,0.0,0.0,0.0,0.0,0.0,0.0,0.0,0.0,0.0,0.0,0.0,0.0,0.0,0.0,0.0,0.0,0.0,0.0,0.0,0.0,0.0,0.0,0.0,0.0,0.0,0.0,0.0,0.0,0.0,0.0,0.0,0.0,0.0,0.0,0.0,0.0,0.0,0.0,0.0,0.0,0.0,0.0,0.0,0.0,0.0,0.0,0.0,0.0,0.0,0.0,0.0,0.0,0.0,0.0,0.0,0.0,0.0,0.0,0.0,0.0,0.0,0.0,0.0,0.0,0.0,0.0,0.0,0.0,0.0,0.0,0.0,0.0,0.0,0.0,0.0,0.0,0.0,0.0,0.0,0.0,0.0,0.0,0.0,0.0,0.0,0.0,0.0,0.0,0.0,0.0,0.0,0.0,0.0,0.0,0.0,0.0,0.0,0.0,0.0,0.0,0.0,0.0,0.0,0.0,0.0,0.0,0.0,0.0,0.0,0.0,0.0,0.0,0.0,0.0,0.0,0.0,0.0,0.0,0.0,0.0,0.0,0.0,0.0,0.0,0.0,0.0,0.0,0.0,0.0,0.0,0.0,0.0,0.0,0.0,0.0,0.0,0.0,0.0,0.0,0.0,0.0,0.0,0.0,0.0,0.0,0.0,0.0,0.0,0.0,0.0,0.0,0.0,0.0,0.0,0.0,0.0,0.0,0.0,0.0,0.0,0.0,0.0,0.0,0.0,0.0,0.0,0.0,0.0,0.0,0.0,0.0,0.0,0.0,0.0,0.0,0.0,0.0,0.0,0.0,0.0,0.0,0.0,0.0,0.0,0.0,0.0,0.0,0.0,0.0,0.0,0.0,0.0,0.0,0.0,0.0,0.0,0.0,0.0,0.0,0.0,0.0,0.0,0.0,0.0,0.0,0.0,0.0,0.0,0.0,0.0,0.0,0.0,0.0,0.0,0.0,0.0,0.0,0.0,0.0,0.0,0.0,0.0,0.0,0.0,0.0,0.0,0.0,0.0,0.0,0.0,0.0,0.0,0.0,0.0,0.0,0.0,0.0,0.0,0.0,0.0,0.0,0.0,0.0,0.0,0.0,0.0,0.0,0.0,0.0,0.0,0.0,0.0,0.0,0.0,0.0,0.0,0.0,0.0,0.0,0.0,0.0,0.0,0.0,0.0,0.0
4.2702856,4.370419,6.04856,6.1895385,1.2402925,1.7476292,1.5998795,-3.9718108,3.3736198,5.333106,1.5565497,2.3404016,0.6436504,-0.5817926,-0.17000365,5.4117374,6.9308114,1.5355513,-0.26313603,1.4966335,6.6663833,6.001728,8.150315,7.99159,9.857667,9.798229,2.412476,5.07506,7.8208437,5.6397386,7.4491673,6.7481446,5.5290976,7.7944307,3.6840875,0.8174116,2.3564513,-0.8890686,2.1082582,9.019945,6.5597525,3.313862,-0.9797416,0.890329,6.309395,7.4114413,7.24216,5.7846527,0.901389,-0.13305116,4.230846,9.979574,7.299279,10.419668,6.94935,5.5532207,4.6161327,4.0024605,7.1055427,2.8481302,-1.5251538,2.0446286,5.1477847,6.132859,5.407743,4.6111875,3.3168054,4.2537956,0.2984593,1.4116031,0.03900957,0.30589008,6.8334427,5.2426805,2.6294782,0.96308255,-0.97351,-0.55420864,-2.9274638,1.1118666,3.5581212,6.795664,3.7053854,-2.2760463,-2.3950963,-5.374039,-6.224024,-0.06626892,0.0052393675,1.2310177,-4.0355015,-9.003383,-2.9624763,3.9570158,2.1638327,3.8613348,9.372074,5.3199463,0.60564077,2.7555847,-1.9072647,2.4898734,9.004137,8.515224,11.411613,11.06444,5.160203,3.8656092,-0.58638203,-1.5503085,-2.5287569,1.0485855,2.6636977,5.54504,8.893408,10.608192,2.7305293,0.93286693,7.700058,5.508458,2.4937613,2.7342086,1.3315904,-4.8966312,-3.513332,1.8877368,5.1807127,7.979965,1.3978312,1.7861643,-0.2603026,0.8714024,2.6329498,9.351871,4.9941883,0.2554462,1.0912652,2.5223353,2.034873,2.1608007,6.6634865,12.390297,10.044687,-1.088561,-5.636222,1.6115086,7.7791877,0.95978487,3.722329,4.0688806,0.44058526,2.5100882,6.591303,4.008258,5.2385616,3.8107905,7.5806346,6.001918,1.0571892,-0.66270864,-2.59616,2.925954,-0.8471184,-0.7506615,3.6180377,-0.120140076,-2.5671897,3.4839497,2.6872816,-3.9899473,-2.2367125,4.692548,2.023024,-1.4078357,-1.8723783,3.6225047,3.1584249,-5.873551,-5.829096,-2.5902634,0.9977034,3.2007241,5.723995,-3.054399,-0.40316966,0.52451706,1.6628768,11.687735,13.102678,6.602458,-4.559725,-7.2003355,-0.5347084,3.9160705,0.54957795,4.2976084,7.390492,-0.337229,3.552014,-2.8958404,-0.9519799,7.3112183,11.13765,6.5300627,10.910901,14.87038,10.960205,11.093969,8.41274,1.9965687,3.0571148,7.191354,14.192116,11.137913,8.527242,8.802162,14.925625,6.8307652,3.3519385,3.505887,-1.2811844,0.9182272,0.36317325,0.83698404,-3.9435768,-3.668314,-2.49897,-0.2619524,5.640371,-0.13259637,2.219877,3.8398168,-0.15598977,-9.172562,-3.1438942,-2.926662,2.6912916,-1.075463,-5.92404,-4.8758287,0.7182798,1.1536512,1.2097039,-5.5000906,-6.9801545,-4.0557914,-1.5480576,2.0313418,5.6439123,1.393258,-0.1643095,4.9702525,4.959382,5.849878,0.0,0.0,0.0,0.0,0.0,0.0,0.0,0.0,0.0,0.0,0.0,0.0,0.0,0.0,0.0,0.0,0.0,0.0,0.0,0.0,0.0,0.0,0.0,0.0,0.0,0.0,0.0,0.0,0.0,0.0,0.0,0.0,0.0,0.0,0.0,0.0,0.0,0.0,0.0,0.0,0.0,0.0,0.0,0.0,0.0,0.0,0.0,0.0,0.0,0.0,0.0,0.0,0.0,0.0,0.0,0.0,0.0,0.0,0.0,0.0,0.0,0.0,0.0,0.0,0.0,0.0,0.0,0.0,0.0,0.0,0.0,0.0,0.0,0.0,0.0,0.0,0.0,0.0,0.0,0.0,0.0,0.0,0.0,0.0,0.0,0.0,0.0,0.0,0.0,0.0,0.0,0.0,0.0,0.0,0.0,0.0,0.0,0.0,0.0,0.0,0.0,0.0,0.0,0.0,0.0,0.0,0.0,0.0,0.0,0.0,0.0,0.0,0.0,0.0,0.0,0.0,0.0,0.0,0.0,0.0,0.0,0.0,0.0,0.0,0.0,0.0,0.0,0.0,0.0,0.0,0.0,0.0,0.0,0.0,0.0,0.0,0.0,0.0,0.0,0.0,0.0,0.0,0.0,0.0,0.0,0.0,0.0,0.0,0.0,0.0,0.0,0.0,0.0,0.0,0.0,0.0,0.0,0.0,0.0,0.0,0.0,0.0,0.0,0.0,0.0,0.0,0.0,0.0,0.0,0.0,0.0,0.0,0.0,0.0,0.0,0.0,0.0,0.0,0.0,0.0,0.0,0.0,0.0,0.0,0.0,0.0,0.0,0.0,0.0,0.0,0.0,0.0,0.0,0.0,0.0,0.0,0.0,0.0,0.0,0.0,0.0,0.0,0.0,0.0,0.0,0.0,0.0,0.0,0.0,0.0,0.0,0.0,0.0,0.0,0.0,0.0,0.0,0.0,0.0,0.0,0.0,0.0,0.0,0.0,0.0,0.0,0.0,0.0,0.0,0.0,0.0,0.0,0.0,0.0,0.0,0.0,0.0,0.0,0.0,0.0,0.0,0.0,0.0,0.0,0.0,0.0,0.0,0.0,0.0,0.0,0.0,0.0,0.0,0.0,0.0,0.0,0.0,0.0,0.0,0.0,0.0,0.0,0.0,0.0,0.0,0.0,0.0,0.0,0.0,0.0,0.0,0.0,0.0,0.0,0.0,0.0,0.0,0.0,0.0,0.0,0.0,0.0,0.0,0.0,0.0,0.0,0.0,0.0,0.0,0.0,0.0,0.0,0.0,0.0,0.0,0.0,0.0,0.0,0.0,0.0,0.0,0.0,0.0,0.0,0.0,0.0,0.0,0.0,0.0,0.0,0.0,0.0,0.0,0.0,0.0,0.0,0.0,0.0,0.0,0.0,0.0,0.0,0.0,0.0,0.0,0.0,0.0,0.0,0.0,0.0,0.0,0.0,0.0,0.0,0.0,0.0,0.0,0.0,0.0,0.0,0.0,0.0,0.0,0.0,0.0,0.0
